p cnf 2010 174
3 103 203 4 104 204 0
-3 -103 203 4 104 204 0
-3 103 -203 4 104 204 0
-3 103 203 -4 104 204 0
-3 103 203 4 -104 204 0
-3 103 203 4 104 -204 0
3 -103 -203 4 104 204 0
3 -103 203 -4 104 204 0
3 -103 203 4 -104 204 0
3 -103 203 4 104 -204 0
3 103 -203 -4 104 204 0
3 103 -203 4 -104 204 0
3 103 -203 4 104 -204 0
3 103 203 -4 -104 204 0
3 103 203 -4 104 -204 0
3 103 203 4 -104 -204 0
-3 -103 -203 4 104 204 0
-3 -103 203 -4 104 204 0
-3 -103 203 4 -104 204 0
-3 -103 203 4 104 -204 0
-3 103 -203 -4 104 204 0
-3 103 -203 4 -104 204 0
-3 103 -203 4 104 -204 0
-3 103 203 -4 -104 204 0
-3 103 203 -4 104 -204 0
-3 103 203 4 -104 -204 0
3 -103 -203 -4 104 204 0
3 -103 -203 4 -104 204 0
3 -103 -203 4 104 -204 0
3 -103 203 -4 -104 204 0
3 -103 203 -4 104 -204 0
3 -103 203 4 -104 -204 0
3 103 -203 -4 -104 204 0
3 103 -203 -4 104 -204 0
3 103 -203 4 -104 -204 0
3 103 203 -4 -104 -204 0
-3 -103 -203 -4 104 204 0
-3 -103 -203 4 -104 204 0
-3 -103 -203 4 104 -204 0
-3 -103 203 -4 -104 204 0
-3 -103 203 -4 104 -204 0
-3 -103 203 4 -104 -204 0
-3 103 -203 -4 -104 204 0
-3 103 -203 -4 104 -204 0
-3 103 -203 4 -104 -204 0
-3 103 203 -4 -104 -204 0
3 -103 -203 -4 -104 204 0
3 -103 -203 -4 104 -204 0
3 -103 -203 4 -104 -204 0
3 -103 203 -4 -104 -204 0
3 103 -203 -4 -104 -204 0
-3 -103 -203 -4 -104 204 0
-3 -103 -203 -4 104 -204 0
-3 -103 -203 4 -104 -204 0
-3 -103 203 -4 -104 -204 0
-3 103 -203 -4 -104 -204 0
3 -103 -203 -4 -104 -204 0
-3 -103 -203 -4 -104 -204 0
13 113 213 14 114 214 0
-13 -113 213 14 114 214 0
-13 113 -213 14 114 214 0
-13 113 213 -14 114 214 0
-13 113 213 14 -114 214 0
-13 113 213 14 114 -214 0
13 -113 -213 14 114 214 0
13 -113 213 -14 114 214 0
13 -113 213 14 -114 214 0
13 -113 213 14 114 -214 0
13 113 -213 -14 114 214 0
13 113 -213 14 -114 214 0
13 113 -213 14 114 -214 0
13 113 213 -14 -114 214 0
13 113 213 -14 114 -214 0
13 113 213 14 -114 -214 0
-13 -113 -213 14 114 214 0
-13 -113 213 -14 114 214 0
-13 -113 213 14 -114 214 0
-13 -113 213 14 114 -214 0
-13 113 -213 -14 114 214 0
-13 113 -213 14 -114 214 0
-13 113 -213 14 114 -214 0
-13 113 213 -14 -114 214 0
-13 113 213 -14 114 -214 0
-13 113 213 14 -114 -214 0
13 -113 -213 -14 114 214 0
13 -113 -213 14 -114 214 0
13 -113 -213 14 114 -214 0
13 -113 213 -14 -114 214 0
13 -113 213 -14 114 -214 0
13 -113 213 14 -114 -214 0
13 113 -213 -14 -114 214 0
13 113 -213 -14 114 -214 0
13 113 -213 14 -114 -214 0
13 113 213 -14 -114 -214 0
-13 -113 -213 -14 114 214 0
-13 -113 -213 14 -114 214 0
-13 -113 -213 14 114 -214 0
-13 -113 213 -14 -114 214 0
-13 -113 213 -14 114 -214 0
-13 -113 213 14 -114 -214 0
-13 113 -213 -14 -114 214 0
-13 113 -213 -14 114 -214 0
-13 113 -213 14 -114 -214 0
-13 113 213 -14 -114 -214 0
13 -113 -213 -14 -114 214 0
13 -113 -213 -14 114 -214 0
13 -113 -213 14 -114 -214 0
13 -113 213 -14 -114 -214 0
13 113 -213 -14 -114 -214 0
-13 -113 -213 -14 -114 214 0
-13 -113 -213 -14 114 -214 0
-13 -113 -213 14 -114 -214 0
-13 -113 213 -14 -114 -214 0
-13 113 -213 -14 -114 -214 0
13 -113 -213 -14 -114 -214 0
-13 -113 -213 -14 -114 -214 0
23 123 223 24 124 224 0
-23 -123 223 24 124 224 0
-23 123 -223 24 124 224 0
-23 123 223 -24 124 224 0
-23 123 223 24 -124 224 0
-23 123 223 24 124 -224 0
23 -123 -223 24 124 224 0
23 -123 223 -24 124 224 0
23 -123 223 24 -124 224 0
23 -123 223 24 124 -224 0
23 123 -223 -24 124 224 0
23 123 -223 24 -124 224 0
23 123 -223 24 124 -224 0
23 123 223 -24 -124 224 0
23 123 223 -24 124 -224 0
23 123 223 24 -124 -224 0
-23 -123 -223 24 124 224 0
-23 -123 223 -24 124 224 0
-23 -123 223 24 -124 224 0
-23 -123 223 24 124 -224 0
-23 123 -223 -24 124 224 0
-23 123 -223 24 -124 224 0
-23 123 -223 24 124 -224 0
-23 123 223 -24 -124 224 0
-23 123 223 -24 124 -224 0
-23 123 223 24 -124 -224 0
23 -123 -223 -24 124 224 0
23 -123 -223 24 -124 224 0
23 -123 -223 24 124 -224 0
23 -123 223 -24 -124 224 0
23 -123 223 -24 124 -224 0
23 -123 223 24 -124 -224 0
23 123 -223 -24 -124 224 0
23 123 -223 -24 124 -224 0
23 123 -223 24 -124 -224 0
23 123 223 -24 -124 -224 0
-23 -123 -223 -24 124 224 0
-23 -123 -223 24 -124 224 0
-23 -123 -223 24 124 -224 0
-23 -123 223 -24 -124 224 0
-23 -123 223 -24 124 -224 0
-23 -123 223 24 -124 -224 0
-23 123 -223 -24 -124 224 0
-23 123 -223 -24 124 -224 0
-23 123 -223 24 -124 -224 0
-23 123 223 -24 -124 -224 0
23 -123 -223 -24 -124 224 0
23 -123 -223 -24 124 -224 0
23 -123 -223 24 -124 -224 0
23 -123 223 -24 -124 -224 0
23 123 -223 -24 -124 -224 0
-23 -123 -223 -24 -124 224 0
-23 -123 -223 -24 124 -224 0
-23 -123 -223 24 -124 -224 0
-23 -123 223 -24 -124 -224 0
-23 123 -223 -24 -124 -224 0
23 -123 -223 -24 -124 -224 0
-23 -123 -223 -24 -124 -224 0