p cnf 2010 2954
-6 -106 1006 0
-16 -116 1016 0
-26 -126 1026 0
-36 -136 1036 0
-106 -206 1106 0
-116 -216 1116 0
-126 -226 1126 0
-136 -236 1136 0
-206 -306 1206 0
-216 -316 1216 0
-226 -326 1226 0
-236 -336 1236 0
-7 -107 -207 1007 0
-17 -117 -217 1017 0
-27 -127 -227 1027 0
-37 -137 -237 1037 0
-107 -207 -307 1107 0
-117 -217 -317 1117 0
-127 -227 -327 1127 0
-137 -237 -337 1137 0
-6 -106 2006 0
-16 -116 2006 0
-26 -126 2006 0
-36 -136 2006 0
-106 -206 2006 0
-116 -216 2006 0
-126 -226 2006 0
-136 -236 2006 0
-206 -306 2006 0
-216 -316 2006 0
-226 -326 2006 0
-236 -336 2006 0
-7 -107 -207 2007 0
-17 -117 -217 2007 0
-27 -127 -227 2007 0
-37 -137 -237 2007 0
-107 -207 -307 2007 0
-117 -217 -317 2007 0
-127 -227 -327 2007 0
-137 -237 -337 2007 0
-1006 -2006 6 0
-1006 -2006 106 0
-1016 -2006 16 0
-1016 -2006 116 0
-1026 -2006 26 0
-1026 -2006 126 0
-1036 -2006 36 0
-1036 -2006 136 0
-1106 -2006 106 0
-1106 -2006 206 0
-1116 -2006 116 0
-1116 -2006 216 0
-1126 -2006 126 0
-1126 -2006 226 0
-1136 -2006 136 0
-1136 -2006 236 0
-1206 -2006 206 0
-1206 -2006 306 0
-1216 -2006 216 0
-1216 -2006 316 0
-1226 -2006 226 0
-1226 -2006 326 0
-1236 -2006 236 0
-1236 -2006 336 0
-1007 -2007 7 0
-1007 -2007 107 0
-1007 -2007 207 0
-1017 -2007 17 0
-1017 -2007 117 0
-1017 -2007 217 0
-1027 -2007 27 0
-1027 -2007 127 0
-1027 -2007 227 0
-1037 -2007 37 0
-1037 -2007 137 0
-1037 -2007 237 0
-1107 -2007 107 0
-1107 -2007 207 0
-1107 -2007 307 0
-1117 -2007 117 0
-1117 -2007 217 0
-1117 -2007 317 0
-1127 -2007 127 0
-1127 -2007 227 0
-1127 -2007 327 0
-1137 -2007 137 0
-1137 -2007 237 0
-1137 -2007 337 0
-1006 2006 6 0
-1006 2006 16 0
-1016 2006 16 0
-1016 2006 26 0
-1026 2006 26 0
-1026 2006 36 0
-1106 2006 106 0
-1106 2006 116 0
-1116 2006 116 0
-1116 2006 126 0
-1126 2006 126 0
-1126 2006 136 0
-1206 2006 206 0
-1206 2006 216 0
-1216 2006 216 0
-1216 2006 226 0
-1226 2006 226 0
-1226 2006 236 0
-1306 2006 306 0
-1306 2006 316 0
-1316 2006 316 0
-1316 2006 326 0
-1326 2006 326 0
-1326 2006 336 0
-1007 2007 7 0
-1007 2007 17 0
-1007 2007 27 0
-1017 2007 17 0
-1017 2007 27 0
-1017 2007 37 0
-1107 2007 107 0
-1107 2007 117 0
-1107 2007 127 0
-1117 2007 117 0
-1117 2007 127 0
-1117 2007 137 0
-1207 2007 207 0
-1207 2007 217 0
-1207 2007 227 0
-1217 2007 217 0
-1217 2007 227 0
-1217 2007 237 0
-1307 2007 307 0
-1307 2007 317 0
-1307 2007 327 0
-1317 2007 317 0
-1317 2007 327 0
-1317 2007 337 0
1006 1016 1026 1036 1106 1116 1126 1136 1206 1216 1226 1236 1306 1316 1326 0
1007 1017 1027 1037 1107 1117 1127 1137 1207 1217 1307 1317 0
-1006 -1016 0
-1006 -1026 0
-1006 -1036 0
-1006 -1106 0
-1006 -1116 0
-1006 -1126 0
-1006 -1136 0
-1006 -1206 0
-1006 -1216 0
-1006 -1226 0
-1006 -1236 0
-1006 -1306 0
-1006 -1316 0
-1006 -1326 0
-1016 -1006 0
-1016 -1026 0
-1016 -1036 0
-1016 -1106 0
-1016 -1116 0
-1016 -1126 0
-1016 -1136 0
-1016 -1206 0
-1016 -1216 0
-1016 -1226 0
-1016 -1236 0
-1016 -1306 0
-1016 -1316 0
-1016 -1326 0
-1026 -1006 0
-1026 -1016 0
-1026 -1036 0
-1026 -1106 0
-1026 -1116 0
-1026 -1126 0
-1026 -1136 0
-1026 -1206 0
-1026 -1216 0
-1026 -1226 0
-1026 -1236 0
-1026 -1306 0
-1026 -1316 0
-1026 -1326 0
-1036 -1006 0
-1036 -1016 0
-1036 -1026 0
-1036 -1106 0
-1036 -1116 0
-1036 -1126 0
-1036 -1136 0
-1036 -1206 0
-1036 -1216 0
-1036 -1226 0
-1036 -1236 0
-1036 -1306 0
-1036 -1316 0
-1036 -1326 0
-1106 -1006 0
-1106 -1016 0
-1106 -1026 0
-1106 -1036 0
-1106 -1116 0
-1106 -1126 0
-1106 -1136 0
-1106 -1206 0
-1106 -1216 0
-1106 -1226 0
-1106 -1236 0
-1106 -1306 0
-1106 -1316 0
-1106 -1326 0
-1116 -1006 0
-1116 -1016 0
-1116 -1026 0
-1116 -1036 0
-1116 -1106 0
-1116 -1126 0
-1116 -1136 0
-1116 -1206 0
-1116 -1216 0
-1116 -1226 0
-1116 -1236 0
-1116 -1306 0
-1116 -1316 0
-1116 -1326 0
-1126 -1006 0
-1126 -1016 0
-1126 -1026 0
-1126 -1036 0
-1126 -1106 0
-1126 -1116 0
-1126 -1136 0
-1126 -1206 0
-1126 -1216 0
-1126 -1226 0
-1126 -1236 0
-1126 -1306 0
-1126 -1316 0
-1126 -1326 0
-1136 -1006 0
-1136 -1016 0
-1136 -1026 0
-1136 -1036 0
-1136 -1106 0
-1136 -1116 0
-1136 -1126 0
-1136 -1206 0
-1136 -1216 0
-1136 -1226 0
-1136 -1236 0
-1136 -1306 0
-1136 -1316 0
-1136 -1326 0
-1206 -1006 0
-1206 -1016 0
-1206 -1026 0
-1206 -1036 0
-1206 -1106 0
-1206 -1116 0
-1206 -1126 0
-1206 -1136 0
-1206 -1216 0
-1206 -1226 0
-1206 -1236 0
-1206 -1306 0
-1206 -1316 0
-1206 -1326 0
-1216 -1006 0
-1216 -1016 0
-1216 -1026 0
-1216 -1036 0
-1216 -1106 0
-1216 -1116 0
-1216 -1126 0
-1216 -1136 0
-1216 -1206 0
-1216 -1226 0
-1216 -1236 0
-1216 -1306 0
-1216 -1316 0
-1216 -1326 0
-1226 -1006 0
-1226 -1016 0
-1226 -1026 0
-1226 -1036 0
-1226 -1106 0
-1226 -1116 0
-1226 -1126 0
-1226 -1136 0
-1226 -1206 0
-1226 -1216 0
-1226 -1236 0
-1226 -1306 0
-1226 -1316 0
-1226 -1326 0
-1236 -1006 0
-1236 -1016 0
-1236 -1026 0
-1236 -1036 0
-1236 -1106 0
-1236 -1116 0
-1236 -1126 0
-1236 -1136 0
-1236 -1206 0
-1236 -1216 0
-1236 -1226 0
-1236 -1306 0
-1236 -1316 0
-1236 -1326 0
-1306 -1006 0
-1306 -1016 0
-1306 -1026 0
-1306 -1036 0
-1306 -1106 0
-1306 -1116 0
-1306 -1126 0
-1306 -1136 0
-1306 -1206 0
-1306 -1216 0
-1306 -1226 0
-1306 -1236 0
-1306 -1316 0
-1306 -1326 0
-1316 -1006 0
-1316 -1016 0
-1316 -1026 0
-1316 -1036 0
-1316 -1106 0
-1316 -1116 0
-1316 -1126 0
-1316 -1136 0
-1316 -1206 0
-1316 -1216 0
-1316 -1226 0
-1316 -1236 0
-1316 -1306 0
-1316 -1326 0
-1326 -1006 0
-1326 -1016 0
-1326 -1026 0
-1326 -1036 0
-1326 -1106 0
-1326 -1116 0
-1326 -1126 0
-1326 -1136 0
-1326 -1206 0
-1326 -1216 0
-1326 -1226 0
-1326 -1236 0
-1326 -1306 0
-1326 -1316 0
-1007 -1017 0
-1007 -1027 0
-1007 -1037 0
-1007 -1107 0
-1007 -1117 0
-1007 -1127 0
-1007 -1137 0
-1007 -1207 0
-1007 -1217 0
-1007 -1307 0
-1007 -1317 0
-1017 -1007 0
-1017 -1027 0
-1017 -1037 0
-1017 -1107 0
-1017 -1117 0
-1017 -1127 0
-1017 -1137 0
-1017 -1207 0
-1017 -1217 0
-1017 -1307 0
-1017 -1317 0
-1027 -1007 0
-1027 -1017 0
-1027 -1037 0
-1027 -1107 0
-1027 -1117 0
-1027 -1127 0
-1027 -1137 0
-1027 -1207 0
-1027 -1217 0
-1027 -1307 0
-1027 -1317 0
-1037 -1007 0
-1037 -1017 0
-1037 -1027 0
-1037 -1107 0
-1037 -1117 0
-1037 -1127 0
-1037 -1137 0
-1037 -1207 0
-1037 -1217 0
-1037 -1307 0
-1037 -1317 0
-1107 -1007 0
-1107 -1017 0
-1107 -1027 0
-1107 -1037 0
-1107 -1117 0
-1107 -1127 0
-1107 -1137 0
-1107 -1207 0
-1107 -1217 0
-1107 -1307 0
-1107 -1317 0
-1117 -1007 0
-1117 -1017 0
-1117 -1027 0
-1117 -1037 0
-1117 -1107 0
-1117 -1127 0
-1117 -1137 0
-1117 -1207 0
-1117 -1217 0
-1117 -1307 0
-1117 -1317 0
-1127 -1007 0
-1127 -1017 0
-1127 -1027 0
-1127 -1037 0
-1127 -1107 0
-1127 -1117 0
-1127 -1137 0
-1127 -1207 0
-1127 -1217 0
-1127 -1307 0
-1127 -1317 0
-1137 -1007 0
-1137 -1017 0
-1137 -1027 0
-1137 -1037 0
-1137 -1107 0
-1137 -1117 0
-1137 -1127 0
-1137 -1207 0
-1137 -1217 0
-1137 -1307 0
-1137 -1317 0
-1207 -1007 0
-1207 -1017 0
-1207 -1027 0
-1207 -1037 0
-1207 -1107 0
-1207 -1117 0
-1207 -1127 0
-1207 -1137 0
-1207 -1217 0
-1207 -1307 0
-1207 -1317 0
-1217 -1007 0
-1217 -1017 0
-1217 -1027 0
-1217 -1037 0
-1217 -1107 0
-1217 -1117 0
-1217 -1127 0
-1217 -1137 0
-1217 -1207 0
-1217 -1307 0
-1217 -1317 0
-1307 -1007 0
-1307 -1017 0
-1307 -1027 0
-1307 -1037 0
-1307 -1107 0
-1307 -1117 0
-1307 -1127 0
-1307 -1137 0
-1307 -1207 0
-1307 -1217 0
-1307 -1317 0
-1317 -1007 0
-1317 -1017 0
-1317 -1027 0
-1317 -1037 0
-1317 -1107 0
-1317 -1117 0
-1317 -1127 0
-1317 -1137 0
-1317 -1207 0
-1317 -1217 0
-1317 -1307 0
-6 -7 0
-16 -17 0
-26 -27 0
-36 -37 0
-106 -107 0
-116 -117 0
-126 -127 0
-136 -137 0
-206 -207 0
-216 -217 0
-226 -227 0
-236 -237 0
-306 -307 0
-316 -317 0
-326 -327 0
-336 -337 0
-106 -1006 2006 0
-107 -1006 2006 0
-116 -1006 2006 0
-117 -1006 2006 0
-126 -1006 2006 0
-127 -1006 2006 0
-26 -1006 2006 0
-27 -1006 2006 0
-106 -1016 2006 0
-107 -1016 2006 0
-116 -1016 2006 0
-117 -1016 2006 0
-126 -1016 2006 0
-127 -1016 2006 0
-136 -1016 2006 0
-137 -1016 2006 0
-6 -1016 2006 0
-7 -1016 2006 0
-36 -1016 2006 0
-37 -1016 2006 0
-116 -1026 2006 0
-117 -1026 2006 0
-126 -1026 2006 0
-127 -1026 2006 0
-136 -1026 2006 0
-137 -1026 2006 0
-16 -1026 2006 0
-17 -1026 2006 0
-6 -1106 2006 0
-7 -1106 2006 0
-16 -1106 2006 0
-17 -1106 2006 0
-26 -1106 2006 0
-27 -1106 2006 0
-206 -1106 2006 0
-207 -1106 2006 0
-216 -1106 2006 0
-217 -1106 2006 0
-226 -1106 2006 0
-227 -1106 2006 0
-126 -1106 2006 0
-127 -1106 2006 0
-6 -1116 2006 0
-7 -1116 2006 0
-16 -1116 2006 0
-17 -1116 2006 0
-26 -1116 2006 0
-27 -1116 2006 0
-36 -1116 2006 0
-37 -1116 2006 0
-206 -1116 2006 0
-207 -1116 2006 0
-216 -1116 2006 0
-217 -1116 2006 0
-226 -1116 2006 0
-227 -1116 2006 0
-236 -1116 2006 0
-237 -1116 2006 0
-106 -1116 2006 0
-107 -1116 2006 0
-136 -1116 2006 0
-137 -1116 2006 0
-16 -1126 2006 0
-17 -1126 2006 0
-26 -1126 2006 0
-27 -1126 2006 0
-36 -1126 2006 0
-37 -1126 2006 0
-216 -1126 2006 0
-217 -1126 2006 0
-226 -1126 2006 0
-227 -1126 2006 0
-236 -1126 2006 0
-237 -1126 2006 0
-116 -1126 2006 0
-117 -1126 2006 0
-106 -1206 2006 0
-107 -1206 2006 0
-116 -1206 2006 0
-117 -1206 2006 0
-126 -1206 2006 0
-127 -1206 2006 0
-306 -1206 2006 0
-307 -1206 2006 0
-316 -1206 2006 0
-317 -1206 2006 0
-326 -1206 2006 0
-327 -1206 2006 0
-226 -1206 2006 0
-227 -1206 2006 0
-106 -1216 2006 0
-107 -1216 2006 0
-116 -1216 2006 0
-117 -1216 2006 0
-126 -1216 2006 0
-127 -1216 2006 0
-136 -1216 2006 0
-137 -1216 2006 0
-306 -1216 2006 0
-307 -1216 2006 0
-316 -1216 2006 0
-317 -1216 2006 0
-326 -1216 2006 0
-327 -1216 2006 0
-336 -1216 2006 0
-337 -1216 2006 0
-206 -1216 2006 0
-207 -1216 2006 0
-236 -1216 2006 0
-237 -1216 2006 0
-116 -1226 2006 0
-117 -1226 2006 0
-126 -1226 2006 0
-127 -1226 2006 0
-136 -1226 2006 0
-137 -1226 2006 0
-316 -1226 2006 0
-317 -1226 2006 0
-326 -1226 2006 0
-327 -1226 2006 0
-336 -1226 2006 0
-337 -1226 2006 0
-216 -1226 2006 0
-217 -1226 2006 0
-206 -1306 2006 0
-207 -1306 2006 0
-216 -1306 2006 0
-217 -1306 2006 0
-226 -1306 2006 0
-227 -1306 2006 0
-326 -1306 2006 0
-327 -1306 2006 0
-206 -1316 2006 0
-207 -1316 2006 0
-216 -1316 2006 0
-217 -1316 2006 0
-226 -1316 2006 0
-227 -1316 2006 0
-236 -1316 2006 0
-237 -1316 2006 0
-306 -1316 2006 0
-307 -1316 2006 0
-336 -1316 2006 0
-337 -1316 2006 0
-216 -1326 2006 0
-217 -1326 2006 0
-226 -1326 2006 0
-227 -1326 2006 0
-236 -1326 2006 0
-237 -1326 2006 0
-316 -1326 2006 0
-317 -1326 2006 0
-106 -1007 2007 0
-107 -1007 2007 0
-116 -1007 2007 0
-117 -1007 2007 0
-126 -1007 2007 0
-127 -1007 2007 0
-136 -1007 2007 0
-137 -1007 2007 0
-36 -1007 2007 0
-37 -1007 2007 0
-106 -1017 2007 0
-107 -1017 2007 0
-116 -1017 2007 0
-117 -1017 2007 0
-126 -1017 2007 0
-127 -1017 2007 0
-136 -1017 2007 0
-137 -1017 2007 0
-6 -1017 2007 0
-7 -1017 2007 0
-6 -1107 2007 0
-7 -1107 2007 0
-16 -1107 2007 0
-17 -1107 2007 0
-26 -1107 2007 0
-27 -1107 2007 0
-36 -1107 2007 0
-37 -1107 2007 0
-206 -1107 2007 0
-207 -1107 2007 0
-216 -1107 2007 0
-217 -1107 2007 0
-226 -1107 2007 0
-227 -1107 2007 0
-236 -1107 2007 0
-237 -1107 2007 0
-136 -1107 2007 0
-137 -1107 2007 0
-6 -1117 2007 0
-7 -1117 2007 0
-16 -1117 2007 0
-17 -1117 2007 0
-26 -1117 2007 0
-27 -1117 2007 0
-36 -1117 2007 0
-37 -1117 2007 0
-206 -1117 2007 0
-207 -1117 2007 0
-216 -1117 2007 0
-217 -1117 2007 0
-226 -1117 2007 0
-227 -1117 2007 0
-236 -1117 2007 0
-237 -1117 2007 0
-106 -1117 2007 0
-107 -1117 2007 0
-106 -1207 2007 0
-107 -1207 2007 0
-116 -1207 2007 0
-117 -1207 2007 0
-126 -1207 2007 0
-127 -1207 2007 0
-136 -1207 2007 0
-137 -1207 2007 0
-306 -1207 2007 0
-307 -1207 2007 0
-316 -1207 2007 0
-317 -1207 2007 0
-326 -1207 2007 0
-327 -1207 2007 0
-336 -1207 2007 0
-337 -1207 2007 0
-236 -1207 2007 0
-237 -1207 2007 0
-106 -1217 2007 0
-107 -1217 2007 0
-116 -1217 2007 0
-117 -1217 2007 0
-126 -1217 2007 0
-127 -1217 2007 0
-136 -1217 2007 0
-137 -1217 2007 0
-306 -1217 2007 0
-307 -1217 2007 0
-316 -1217 2007 0
-317 -1217 2007 0
-326 -1217 2007 0
-327 -1217 2007 0
-336 -1217 2007 0
-337 -1217 2007 0
-206 -1217 2007 0
-207 -1217 2007 0
-206 -1307 2007 0
-207 -1307 2007 0
-216 -1307 2007 0
-217 -1307 2007 0
-226 -1307 2007 0
-227 -1307 2007 0
-236 -1307 2007 0
-237 -1307 2007 0
-336 -1307 2007 0
-337 -1307 2007 0
-206 -1317 2007 0
-207 -1317 2007 0
-216 -1317 2007 0
-217 -1317 2007 0
-226 -1317 2007 0
-227 -1317 2007 0
-236 -1317 2007 0
-237 -1317 2007 0
-306 -1317 2007 0
-307 -1317 2007 0
-106 -1006 -2006 0
-107 -1006 -2006 0
-116 -1006 -2006 0
-117 -1006 -2006 0
-126 -1006 -2006 0
-127 -1006 -2006 0
-206 -1006 -2006 0
-207 -1006 -2006 0
-6 -1016 -2006 0
-7 -1016 -2006 0
-206 -1016 -2006 0
-207 -1016 -2006 0
-16 -1016 -2006 0
-17 -1016 -2006 0
-216 -1016 -2006 0
-217 -1016 -2006 0
-26 -1016 -2006 0
-27 -1016 -2006 0
-226 -1016 -2006 0
-227 -1016 -2006 0
-216 -1016 -2006 0
-217 -1016 -2006 0
-106 -1026 -2006 0
-107 -1026 -2006 0
-306 -1026 -2006 0
-307 -1026 -2006 0
-116 -1026 -2006 0
-117 -1026 -2006 0
-316 -1026 -2006 0
-317 -1026 -2006 0
-126 -1026 -2006 0
-127 -1026 -2006 0
-326 -1026 -2006 0
-327 -1026 -2006 0
-226 -1026 -2006 0
-227 -1026 -2006 0
-206 -1036 -2006 0
-207 -1036 -2006 0
-216 -1036 -2006 0
-217 -1036 -2006 0
-226 -1036 -2006 0
-227 -1036 -2006 0
-236 -1036 -2006 0
-237 -1036 -2006 0
-106 -1106 -2006 0
-107 -1106 -2006 0
-116 -1106 -2006 0
-117 -1106 -2006 0
-126 -1106 -2006 0
-127 -1106 -2006 0
-136 -1106 -2006 0
-137 -1106 -2006 0
-6 -1106 -2006 0
-7 -1106 -2006 0
-306 -1106 -2006 0
-307 -1106 -2006 0
-6 -1116 -2006 0
-7 -1116 -2006 0
-206 -1116 -2006 0
-207 -1116 -2006 0
-16 -1116 -2006 0
-17 -1116 -2006 0
-216 -1116 -2006 0
-217 -1116 -2006 0
-26 -1116 -2006 0
-27 -1116 -2006 0
-226 -1116 -2006 0
-227 -1116 -2006 0
-36 -1116 -2006 0
-37 -1116 -2006 0
-236 -1116 -2006 0
-237 -1116 -2006 0
-16 -1116 -2006 0
-17 -1116 -2006 0
-316 -1116 -2006 0
-317 -1116 -2006 0
-106 -1126 -2006 0
-107 -1126 -2006 0
-306 -1126 -2006 0
-307 -1126 -2006 0
-116 -1126 -2006 0
-117 -1126 -2006 0
-316 -1126 -2006 0
-317 -1126 -2006 0
-126 -1126 -2006 0
-127 -1126 -2006 0
-326 -1126 -2006 0
-327 -1126 -2006 0
-136 -1126 -2006 0
-137 -1126 -2006 0
-336 -1126 -2006 0
-337 -1126 -2006 0
-26 -1126 -2006 0
-27 -1126 -2006 0
-326 -1126 -2006 0
-327 -1126 -2006 0
-206 -1136 -2006 0
-207 -1136 -2006 0
-216 -1136 -2006 0
-217 -1136 -2006 0
-226 -1136 -2006 0
-227 -1136 -2006 0
-236 -1136 -2006 0
-237 -1136 -2006 0
-36 -1136 -2006 0
-37 -1136 -2006 0
-336 -1136 -2006 0
-337 -1136 -2006 0
-116 -1206 -2006 0
-117 -1206 -2006 0
-126 -1206 -2006 0
-127 -1206 -2006 0
-136 -1206 -2006 0
-137 -1206 -2006 0
-106 -1206 -2006 0
-107 -1206 -2006 0
-16 -1216 -2006 0
-17 -1216 -2006 0
-216 -1216 -2006 0
-217 -1216 -2006 0
-26 -1216 -2006 0
-27 -1216 -2006 0
-226 -1216 -2006 0
-227 -1216 -2006 0
-36 -1216 -2006 0
-37 -1216 -2006 0
-236 -1216 -2006 0
-237 -1216 -2006 0
-116 -1216 -2006 0
-117 -1216 -2006 0
-116 -1226 -2006 0
-117 -1226 -2006 0
-316 -1226 -2006 0
-317 -1226 -2006 0
-126 -1226 -2006 0
-127 -1226 -2006 0
-326 -1226 -2006 0
-327 -1226 -2006 0
-136 -1226 -2006 0
-137 -1226 -2006 0
-336 -1226 -2006 0
-337 -1226 -2006 0
-126 -1226 -2006 0
-127 -1226 -2006 0
-216 -1236 -2006 0
-217 -1236 -2006 0
-226 -1236 -2006 0
-227 -1236 -2006 0
-236 -1236 -2006 0
-237 -1236 -2006 0
-136 -1236 -2006 0
-137 -1236 -2006 0
-106 -1007 -2007 0
-107 -1007 -2007 0
-116 -1007 -2007 0
-117 -1007 -2007 0
-126 -1007 -2007 0
-127 -1007 -2007 0
-136 -1007 -2007 0
-137 -1007 -2007 0
-306 -1007 -2007 0
-307 -1007 -2007 0
-6 -1017 -2007 0
-7 -1017 -2007 0
-206 -1017 -2007 0
-207 -1017 -2007 0
-16 -1017 -2007 0
-17 -1017 -2007 0
-216 -1017 -2007 0
-217 -1017 -2007 0
-26 -1017 -2007 0
-27 -1017 -2007 0
-226 -1017 -2007 0
-227 -1017 -2007 0
-36 -1017 -2007 0
-37 -1017 -2007 0
-236 -1017 -2007 0
-237 -1017 -2007 0
-316 -1017 -2007 0
-317 -1017 -2007 0
-106 -1027 -2007 0
-107 -1027 -2007 0
-306 -1027 -2007 0
-307 -1027 -2007 0
-116 -1027 -2007 0
-117 -1027 -2007 0
-316 -1027 -2007 0
-317 -1027 -2007 0
-126 -1027 -2007 0
-127 -1027 -2007 0
-326 -1027 -2007 0
-327 -1027 -2007 0
-136 -1027 -2007 0
-137 -1027 -2007 0
-336 -1027 -2007 0
-337 -1027 -2007 0
-326 -1027 -2007 0
-327 -1027 -2007 0
-206 -1037 -2007 0
-207 -1037 -2007 0
-216 -1037 -2007 0
-217 -1037 -2007 0
-226 -1037 -2007 0
-227 -1037 -2007 0
-236 -1037 -2007 0
-237 -1037 -2007 0
-336 -1037 -2007 0
-337 -1037 -2007 0
-106 -1107 -2007 0
-107 -1107 -2007 0
-116 -1107 -2007 0
-117 -1107 -2007 0
-126 -1107 -2007 0
-127 -1107 -2007 0
-136 -1107 -2007 0
-137 -1107 -2007 0
-6 -1107 -2007 0
-7 -1107 -2007 0
-6 -1117 -2007 0
-7 -1117 -2007 0
-206 -1117 -2007 0
-207 -1117 -2007 0
-16 -1117 -2007 0
-17 -1117 -2007 0
-216 -1117 -2007 0
-217 -1117 -2007 0
-26 -1117 -2007 0
-27 -1117 -2007 0
-226 -1117 -2007 0
-227 -1117 -2007 0
-36 -1117 -2007 0
-37 -1117 -2007 0
-236 -1117 -2007 0
-237 -1117 -2007 0
-16 -1117 -2007 0
-17 -1117 -2007 0
-106 -1127 -2007 0
-107 -1127 -2007 0
-306 -1127 -2007 0
-307 -1127 -2007 0
-116 -1127 -2007 0
-117 -1127 -2007 0
-316 -1127 -2007 0
-317 -1127 -2007 0
-126 -1127 -2007 0
-127 -1127 -2007 0
-326 -1127 -2007 0
-327 -1127 -2007 0
-136 -1127 -2007 0
-137 -1127 -2007 0
-336 -1127 -2007 0
-337 -1127 -2007 0
-26 -1127 -2007 0
-27 -1127 -2007 0
-206 -1137 -2007 0
-207 -1137 -2007 0
-216 -1137 -2007 0
-217 -1137 -2007 0
-226 -1137 -2007 0
-227 -1137 -2007 0
-236 -1137 -2007 0
-237 -1137 -2007 0
-36 -1137 -2007 0
-37 -1137 -2007 0
-1779 0
-1789 0
-1799 0
-1879 0
-1887 0
-1897 0
-1979 0
-1987 0
-1994 0
-1995 0
-1996 0
-1997 0
-1006 -1007 0
-1016 -1017 0
-1026 -1027 0
-1036 -1037 0
-1106 -1107 0
-1116 -1117 0
-1126 -1127 0
-1136 -1137 0
-1206 -1207 0
-1216 -1217 0
-1226 -1227 0
-1236 -1237 0
-1306 -1307 0
-1316 -1317 0
-1326 -1327 0
-1336 -1337 0
-6 106 206 306 7 107 207 307 0
6 -106 206 306 7 107 207 307 0
6 106 -206 306 7 107 207 307 0
6 106 206 -306 7 107 207 307 0
6 106 206 306 -7 107 207 307 0
6 106 206 306 7 -107 207 307 0
6 106 206 306 7 107 -207 307 0
6 106 206 306 7 107 207 -307 0
-6 -106 206 306 7 107 207 307 0
-6 106 -206 306 7 107 207 307 0
-6 106 206 -306 7 107 207 307 0
-6 106 206 306 -7 107 207 307 0
-6 106 206 306 7 -107 207 307 0
-6 106 206 306 7 107 -207 307 0
-6 106 206 306 7 107 207 -307 0
6 -106 -206 306 7 107 207 307 0
6 -106 206 -306 7 107 207 307 0
6 -106 206 306 -7 107 207 307 0
6 -106 206 306 7 -107 207 307 0
6 -106 206 306 7 107 -207 307 0
6 -106 206 306 7 107 207 -307 0
6 106 -206 -306 7 107 207 307 0
6 106 -206 306 -7 107 207 307 0
6 106 -206 306 7 -107 207 307 0
6 106 -206 306 7 107 -207 307 0
6 106 -206 306 7 107 207 -307 0
6 106 206 -306 -7 107 207 307 0
6 106 206 -306 7 -107 207 307 0
6 106 206 -306 7 107 -207 307 0
6 106 206 -306 7 107 207 -307 0
6 106 206 306 -7 -107 207 307 0
6 106 206 306 -7 107 -207 307 0
6 106 206 306 -7 107 207 -307 0
6 106 206 306 7 -107 -207 307 0
6 106 206 306 7 -107 207 -307 0
6 106 206 306 7 107 -207 -307 0
-6 -106 -206 306 7 107 207 307 0
-6 -106 206 -306 7 107 207 307 0
-6 -106 206 306 -7 107 207 307 0
-6 -106 206 306 7 -107 207 307 0
-6 -106 206 306 7 107 -207 307 0
-6 -106 206 306 7 107 207 -307 0
-6 106 -206 -306 7 107 207 307 0
-6 106 -206 306 -7 107 207 307 0
-6 106 -206 306 7 -107 207 307 0
-6 106 -206 306 7 107 -207 307 0
-6 106 -206 306 7 107 207 -307 0
-6 106 206 -306 -7 107 207 307 0
-6 106 206 -306 7 -107 207 307 0
-6 106 206 -306 7 107 -207 307 0
-6 106 206 -306 7 107 207 -307 0
-6 106 206 306 -7 -107 207 307 0
-6 106 206 306 -7 107 -207 307 0
-6 106 206 306 -7 107 207 -307 0
-6 106 206 306 7 -107 -207 307 0
-6 106 206 306 7 -107 207 -307 0
-6 106 206 306 7 107 -207 -307 0
6 -106 -206 -306 7 107 207 307 0
6 -106 -206 306 -7 107 207 307 0
6 -106 -206 306 7 -107 207 307 0
6 -106 -206 306 7 107 -207 307 0
6 -106 -206 306 7 107 207 -307 0
6 -106 206 -306 -7 107 207 307 0
6 -106 206 -306 7 -107 207 307 0
6 -106 206 -306 7 107 -207 307 0
6 -106 206 -306 7 107 207 -307 0
6 -106 206 306 -7 -107 207 307 0
6 -106 206 306 -7 107 -207 307 0
6 -106 206 306 -7 107 207 -307 0
6 -106 206 306 7 -107 -207 307 0
6 -106 206 306 7 -107 207 -307 0
6 -106 206 306 7 107 -207 -307 0
6 106 -206 -306 -7 107 207 307 0
6 106 -206 -306 7 -107 207 307 0
6 106 -206 -306 7 107 -207 307 0
6 106 -206 -306 7 107 207 -307 0
6 106 -206 306 -7 -107 207 307 0
6 106 -206 306 -7 107 -207 307 0
6 106 -206 306 -7 107 207 -307 0
6 106 -206 306 7 -107 -207 307 0
6 106 -206 306 7 -107 207 -307 0
6 106 -206 306 7 107 -207 -307 0
6 106 206 -306 -7 -107 207 307 0
6 106 206 -306 -7 107 -207 307 0
6 106 206 -306 -7 107 207 -307 0
6 106 206 -306 7 -107 -207 307 0
6 106 206 -306 7 -107 207 -307 0
6 106 206 -306 7 107 -207 -307 0
6 106 206 306 -7 -107 -207 307 0
6 106 206 306 -7 -107 207 -307 0
6 106 206 306 -7 107 -207 -307 0
6 106 206 306 7 -107 -207 -307 0
-6 -106 -206 -306 7 107 207 307 0
-6 -106 -206 306 -7 107 207 307 0
-6 -106 -206 306 7 -107 207 307 0
-6 -106 -206 306 7 107 -207 307 0
-6 -106 -206 306 7 107 207 -307 0
-6 -106 206 -306 -7 107 207 307 0
-6 -106 206 -306 7 -107 207 307 0
-6 -106 206 -306 7 107 -207 307 0
-6 -106 206 -306 7 107 207 -307 0
-6 -106 206 306 -7 -107 207 307 0
-6 -106 206 306 -7 107 -207 307 0
-6 -106 206 306 -7 107 207 -307 0
-6 -106 206 306 7 -107 -207 307 0
-6 -106 206 306 7 -107 207 -307 0
-6 -106 206 306 7 107 -207 -307 0
-6 106 -206 -306 -7 107 207 307 0
-6 106 -206 -306 7 -107 207 307 0
-6 106 -206 -306 7 107 -207 307 0
-6 106 -206 -306 7 107 207 -307 0
-6 106 -206 306 -7 -107 207 307 0
-6 106 -206 306 -7 107 -207 307 0
-6 106 -206 306 -7 107 207 -307 0
-6 106 -206 306 7 -107 -207 307 0
-6 106 -206 306 7 -107 207 -307 0
-6 106 -206 306 7 107 -207 -307 0
-6 106 206 -306 -7 -107 207 307 0
-6 106 206 -306 -7 107 -207 307 0
-6 106 206 -306 -7 107 207 -307 0
-6 106 206 -306 7 -107 -207 307 0
-6 106 206 -306 7 -107 207 -307 0
-6 106 206 -306 7 107 -207 -307 0
-6 106 206 306 -7 -107 -207 307 0
-6 106 206 306 -7 -107 207 -307 0
-6 106 206 306 -7 107 -207 -307 0
-6 106 206 306 7 -107 -207 -307 0
6 -106 -206 -306 -7 107 207 307 0
6 -106 -206 -306 7 -107 207 307 0
6 -106 -206 -306 7 107 -207 307 0
6 -106 -206 -306 7 107 207 -307 0
6 -106 -206 306 -7 -107 207 307 0
6 -106 -206 306 -7 107 -207 307 0
6 -106 -206 306 -7 107 207 -307 0
6 -106 -206 306 7 -107 -207 307 0
6 -106 -206 306 7 -107 207 -307 0
6 -106 -206 306 7 107 -207 -307 0
6 -106 206 -306 -7 -107 207 307 0
6 -106 206 -306 -7 107 -207 307 0
6 -106 206 -306 -7 107 207 -307 0
6 -106 206 -306 7 -107 -207 307 0
6 -106 206 -306 7 -107 207 -307 0
6 -106 206 -306 7 107 -207 -307 0
6 -106 206 306 -7 -107 -207 307 0
6 -106 206 306 -7 -107 207 -307 0
6 -106 206 306 -7 107 -207 -307 0
6 -106 206 306 7 -107 -207 -307 0
6 106 -206 -306 -7 -107 207 307 0
6 106 -206 -306 -7 107 -207 307 0
6 106 -206 -306 -7 107 207 -307 0
6 106 -206 -306 7 -107 -207 307 0
6 106 -206 -306 7 -107 207 -307 0
6 106 -206 -306 7 107 -207 -307 0
6 106 -206 306 -7 -107 -207 307 0
6 106 -206 306 -7 -107 207 -307 0
6 106 -206 306 -7 107 -207 -307 0
6 106 -206 306 7 -107 -207 -307 0
6 106 206 -306 -7 -107 -207 307 0
6 106 206 -306 -7 -107 207 -307 0
6 106 206 -306 -7 107 -207 -307 0
6 106 206 -306 7 -107 -207 -307 0
6 106 206 306 -7 -107 -207 -307 0
-6 -106 -206 -306 -7 107 207 307 0
-6 -106 -206 -306 7 -107 207 307 0
-6 -106 -206 -306 7 107 -207 307 0
-6 -106 -206 -306 7 107 207 -307 0
-6 -106 -206 306 -7 -107 207 307 0
-6 -106 -206 306 -7 107 -207 307 0
-6 -106 -206 306 -7 107 207 -307 0
-6 -106 -206 306 7 -107 -207 307 0
-6 -106 -206 306 7 -107 207 -307 0
-6 -106 -206 306 7 107 -207 -307 0
-6 -106 206 -306 -7 -107 207 307 0
-6 -106 206 -306 -7 107 -207 307 0
-6 -106 206 -306 -7 107 207 -307 0
-6 -106 206 -306 7 -107 -207 307 0
-6 -106 206 -306 7 -107 207 -307 0
-6 -106 206 -306 7 107 -207 -307 0
-6 -106 206 306 -7 -107 -207 307 0
-6 -106 206 306 -7 -107 207 -307 0
-6 -106 206 306 -7 107 -207 -307 0
-6 -106 206 306 7 -107 -207 -307 0
-6 106 -206 -306 -7 -107 207 307 0
-6 106 -206 -306 -7 107 -207 307 0
-6 106 -206 -306 -7 107 207 -307 0
-6 106 -206 -306 7 -107 -207 307 0
-6 106 -206 -306 7 -107 207 -307 0
-6 106 -206 -306 7 107 -207 -307 0
-6 106 -206 306 -7 -107 -207 307 0
-6 106 -206 306 -7 -107 207 -307 0
-6 106 -206 306 -7 107 -207 -307 0
-6 106 -206 306 7 -107 -207 -307 0
-6 106 206 -306 -7 -107 -207 307 0
-6 106 206 -306 -7 -107 207 -307 0
-6 106 206 -306 -7 107 -207 -307 0
-6 106 206 -306 7 -107 -207 -307 0
-6 106 206 306 -7 -107 -207 -307 0
6 -106 -206 -306 -7 -107 207 307 0
6 -106 -206 -306 -7 107 -207 307 0
6 -106 -206 -306 -7 107 207 -307 0
6 -106 -206 -306 7 -107 -207 307 0
6 -106 -206 -306 7 -107 207 -307 0
6 -106 -206 -306 7 107 -207 -307 0
6 -106 -206 306 -7 -107 -207 307 0
6 -106 -206 306 -7 -107 207 -307 0
6 -106 -206 306 -7 107 -207 -307 0
6 -106 -206 306 7 -107 -207 -307 0
6 -106 206 -306 -7 -107 -207 307 0
6 -106 206 -306 -7 -107 207 -307 0
6 -106 206 -306 -7 107 -207 -307 0
6 -106 206 -306 7 -107 -207 -307 0
6 -106 206 306 -7 -107 -207 -307 0
6 106 -206 -306 -7 -107 -207 307 0
6 106 -206 -306 -7 -107 207 -307 0
6 106 -206 -306 -7 107 -207 -307 0
6 106 -206 -306 7 -107 -207 -307 0
6 106 -206 306 -7 -107 -207 -307 0
6 106 206 -306 -7 -107 -207 -307 0
-6 -106 -206 -306 -7 -107 207 307 0
-6 -106 -206 -306 -7 107 -207 307 0
-6 -106 -206 -306 -7 107 207 -307 0
-6 -106 -206 -306 7 -107 -207 307 0
-6 -106 -206 -306 7 -107 207 -307 0
-6 -106 -206 -306 7 107 -207 -307 0
-6 -106 -206 306 -7 -107 -207 307 0
-6 -106 -206 306 -7 -107 207 -307 0
-6 -106 -206 306 -7 107 -207 -307 0
-6 -106 -206 306 7 -107 -207 -307 0
-6 -106 206 -306 -7 -107 -207 307 0
-6 -106 206 -306 -7 -107 207 -307 0
-6 -106 206 -306 -7 107 -207 -307 0
-6 -106 206 -306 7 -107 -207 -307 0
-6 -106 206 306 -7 -107 -207 -307 0
-6 106 -206 -306 -7 -107 -207 307 0
-6 106 -206 -306 -7 -107 207 -307 0
-6 106 -206 -306 -7 107 -207 -307 0
-6 106 -206 -306 7 -107 -207 -307 0
-6 106 -206 306 -7 -107 -207 -307 0
-6 106 206 -306 -7 -107 -207 -307 0
6 -106 -206 -306 -7 -107 -207 307 0
6 -106 -206 -306 -7 -107 207 -307 0
6 -106 -206 -306 -7 107 -207 -307 0
6 -106 -206 -306 7 -107 -207 -307 0
6 -106 -206 306 -7 -107 -207 -307 0
6 -106 206 -306 -7 -107 -207 -307 0
6 106 -206 -306 -7 -107 -207 -307 0
-6 -106 -206 -306 -7 -107 -207 307 0
-6 -106 -206 -306 -7 -107 207 -307 0
-6 -106 -206 -306 -7 107 -207 -307 0
-6 -106 -206 -306 7 -107 -207 -307 0
-6 -106 -206 306 -7 -107 -207 -307 0
-6 -106 206 -306 -7 -107 -207 -307 0
-6 106 -206 -306 -7 -107 -207 -307 0
6 -106 -206 -306 -7 -107 -207 -307 0
-6 -106 -206 -306 -7 -107 -207 -307 0
16 116 216 316 17 117 217 317 0
-16 116 216 316 17 117 217 317 0
16 -116 216 316 17 117 217 317 0
16 116 -216 316 17 117 217 317 0
16 116 216 -316 17 117 217 317 0
16 116 216 316 -17 117 217 317 0
16 116 216 316 17 -117 217 317 0
16 116 216 316 17 117 -217 317 0
16 116 216 316 17 117 217 -317 0
-16 -116 216 316 17 117 217 317 0
-16 116 -216 316 17 117 217 317 0
-16 116 216 -316 17 117 217 317 0
-16 116 216 316 -17 117 217 317 0
-16 116 216 316 17 -117 217 317 0
-16 116 216 316 17 117 -217 317 0
-16 116 216 316 17 117 217 -317 0
16 -116 -216 316 17 117 217 317 0
16 -116 216 -316 17 117 217 317 0
16 -116 216 316 -17 117 217 317 0
16 -116 216 316 17 -117 217 317 0
16 -116 216 316 17 117 -217 317 0
16 -116 216 316 17 117 217 -317 0
16 116 -216 -316 17 117 217 317 0
16 116 -216 316 -17 117 217 317 0
16 116 -216 316 17 -117 217 317 0
16 116 -216 316 17 117 -217 317 0
16 116 -216 316 17 117 217 -317 0
16 116 216 -316 -17 117 217 317 0
16 116 216 -316 17 -117 217 317 0
16 116 216 -316 17 117 -217 317 0
16 116 216 -316 17 117 217 -317 0
16 116 216 316 -17 -117 217 317 0
16 116 216 316 -17 117 -217 317 0
16 116 216 316 -17 117 217 -317 0
16 116 216 316 17 -117 -217 317 0
16 116 216 316 17 -117 217 -317 0
16 116 216 316 17 117 -217 -317 0
-16 -116 -216 -316 17 117 217 317 0
-16 -116 -216 316 -17 117 217 317 0
-16 -116 -216 316 17 -117 217 317 0
-16 -116 -216 316 17 117 -217 317 0
-16 -116 -216 316 17 117 217 -317 0
-16 -116 216 -316 -17 117 217 317 0
-16 -116 216 -316 17 -117 217 317 0
-16 -116 216 -316 17 117 -217 317 0
-16 -116 216 -316 17 117 217 -317 0
-16 -116 216 316 -17 -117 217 317 0
-16 -116 216 316 -17 117 -217 317 0
-16 -116 216 316 -17 117 217 -317 0
-16 -116 216 316 17 -117 -217 317 0
-16 -116 216 316 17 -117 217 -317 0
-16 -116 216 316 17 117 -217 -317 0
-16 116 -216 -316 -17 117 217 317 0
-16 116 -216 -316 17 -117 217 317 0
-16 116 -216 -316 17 117 -217 317 0
-16 116 -216 -316 17 117 217 -317 0
-16 116 -216 316 -17 -117 217 317 0
-16 116 -216 316 -17 117 -217 317 0
-16 116 -216 316 -17 117 217 -317 0
-16 116 -216 316 17 -117 -217 317 0
-16 116 -216 316 17 -117 217 -317 0
-16 116 -216 316 17 117 -217 -317 0
-16 116 216 -316 -17 -117 217 317 0
-16 116 216 -316 -17 117 -217 317 0
-16 116 216 -316 -17 117 217 -317 0
-16 116 216 -316 17 -117 -217 317 0
-16 116 216 -316 17 -117 217 -317 0
-16 116 216 -316 17 117 -217 -317 0
-16 116 216 316 -17 -117 -217 317 0
-16 116 216 316 -17 -117 217 -317 0
-16 116 216 316 -17 117 -217 -317 0
-16 116 216 316 17 -117 -217 -317 0
16 -116 -216 -316 -17 117 217 317 0
16 -116 -216 -316 17 -117 217 317 0
16 -116 -216 -316 17 117 -217 317 0
16 -116 -216 -316 17 117 217 -317 0
16 -116 -216 316 -17 -117 217 317 0
16 -116 -216 316 -17 117 -217 317 0
16 -116 -216 316 -17 117 217 -317 0
16 -116 -216 316 17 -117 -217 317 0
16 -116 -216 316 17 -117 217 -317 0
16 -116 -216 316 17 117 -217 -317 0
16 -116 216 -316 -17 -117 217 317 0
16 -116 216 -316 -17 117 -217 317 0
16 -116 216 -316 -17 117 217 -317 0
16 -116 216 -316 17 -117 -217 317 0
16 -116 216 -316 17 -117 217 -317 0
16 -116 216 -316 17 117 -217 -317 0
16 -116 216 316 -17 -117 -217 317 0
16 -116 216 316 -17 -117 217 -317 0
16 -116 216 316 -17 117 -217 -317 0
16 -116 216 316 17 -117 -217 -317 0
16 116 -216 -316 -17 -117 217 317 0
16 116 -216 -316 -17 117 -217 317 0
16 116 -216 -316 -17 117 217 -317 0
16 116 -216 -316 17 -117 -217 317 0
16 116 -216 -316 17 -117 217 -317 0
16 116 -216 -316 17 117 -217 -317 0
16 116 -216 316 -17 -117 -217 317 0
16 116 -216 316 -17 -117 217 -317 0
16 116 -216 316 -17 117 -217 -317 0
16 116 -216 316 17 -117 -217 -317 0
16 116 216 -316 -17 -117 -217 317 0
16 116 216 -316 -17 -117 217 -317 0
16 116 216 -316 -17 117 -217 -317 0
16 116 216 -316 17 -117 -217 -317 0
16 116 216 316 -17 -117 -217 -317 0
-16 -116 -216 -316 -17 117 217 317 0
-16 -116 -216 -316 17 -117 217 317 0
-16 -116 -216 -316 17 117 -217 317 0
-16 -116 -216 -316 17 117 217 -317 0
-16 -116 -216 316 -17 -117 217 317 0
-16 -116 -216 316 -17 117 -217 317 0
-16 -116 -216 316 -17 117 217 -317 0
-16 -116 -216 316 17 -117 -217 317 0
-16 -116 -216 316 17 -117 217 -317 0
-16 -116 -216 316 17 117 -217 -317 0
-16 -116 216 -316 -17 -117 217 317 0
-16 -116 216 -316 -17 117 -217 317 0
-16 -116 216 -316 -17 117 217 -317 0
-16 -116 216 -316 17 -117 -217 317 0
-16 -116 216 -316 17 -117 217 -317 0
-16 -116 216 -316 17 117 -217 -317 0
-16 -116 216 316 -17 -117 -217 317 0
-16 -116 216 316 -17 -117 217 -317 0
-16 -116 216 316 -17 117 -217 -317 0
-16 -116 216 316 17 -117 -217 -317 0
-16 116 -216 -316 -17 -117 217 317 0
-16 116 -216 -316 -17 117 -217 317 0
-16 116 -216 -316 -17 117 217 -317 0
-16 116 -216 -316 17 -117 -217 317 0
-16 116 -216 -316 17 -117 217 -317 0
-16 116 -216 -316 17 117 -217 -317 0
-16 116 -216 316 -17 -117 -217 317 0
-16 116 -216 316 -17 -117 217 -317 0
-16 116 -216 316 -17 117 -217 -317 0
-16 116 -216 316 17 -117 -217 -317 0
-16 116 216 -316 -17 -117 -217 317 0
-16 116 216 -316 -17 -117 217 -317 0
-16 116 216 -316 -17 117 -217 -317 0
-16 116 216 -316 17 -117 -217 -317 0
-16 116 216 316 -17 -117 -217 -317 0
16 -116 -216 -316 -17 -117 217 317 0
16 -116 -216 -316 -17 117 -217 317 0
16 -116 -216 -316 -17 117 217 -317 0
16 -116 -216 -316 17 -117 -217 317 0
16 -116 -216 -316 17 -117 217 -317 0
16 -116 -216 -316 17 117 -217 -317 0
16 -116 -216 316 -17 -117 -217 317 0
16 -116 -216 316 -17 -117 217 -317 0
16 -116 -216 316 -17 117 -217 -317 0
16 -116 -216 316 17 -117 -217 -317 0
16 -116 216 -316 -17 -117 -217 317 0
16 -116 216 -316 -17 -117 217 -317 0
16 -116 216 -316 -17 117 -217 -317 0
16 -116 216 -316 17 -117 -217 -317 0
16 -116 216 316 -17 -117 -217 -317 0
16 116 -216 -316 -17 -117 -217 317 0
16 116 -216 -316 -17 -117 217 -317 0
16 116 -216 -316 -17 117 -217 -317 0
16 116 -216 -316 17 -117 -217 -317 0
16 116 -216 316 -17 -117 -217 -317 0
16 116 216 -316 -17 -117 -217 -317 0
-16 -116 -216 -316 -17 -117 217 317 0
-16 -116 -216 -316 -17 117 -217 317 0
-16 -116 -216 -316 -17 117 217 -317 0
-16 -116 -216 -316 17 -117 -217 317 0
-16 -116 -216 -316 17 -117 217 -317 0
-16 -116 -216 -316 17 117 -217 -317 0
-16 -116 -216 316 -17 -117 -217 317 0
-16 -116 -216 316 -17 -117 217 -317 0
-16 -116 -216 316 -17 117 -217 -317 0
-16 -116 -216 316 17 -117 -217 -317 0
-16 -116 216 -316 -17 -117 -217 317 0
-16 -116 216 -316 -17 -117 217 -317 0
-16 -116 216 -316 -17 117 -217 -317 0
-16 -116 216 -316 17 -117 -217 -317 0
-16 -116 216 316 -17 -117 -217 -317 0
-16 116 -216 -316 -17 -117 -217 317 0
-16 116 -216 -316 -17 -117 217 -317 0
-16 116 -216 -316 -17 117 -217 -317 0
-16 116 -216 -316 17 -117 -217 -317 0
-16 116 -216 316 -17 -117 -217 -317 0
-16 116 216 -316 -17 -117 -217 -317 0
16 -116 -216 -316 -17 -117 -217 317 0
16 -116 -216 -316 -17 -117 217 -317 0
16 -116 -216 -316 -17 117 -217 -317 0
16 -116 -216 -316 17 -117 -217 -317 0
16 -116 -216 316 -17 -117 -217 -317 0
16 -116 216 -316 -17 -117 -217 -317 0
16 116 -216 -316 -17 -117 -217 -317 0
-16 -116 -216 -316 -17 -117 -217 317 0
-16 -116 -216 -316 -17 -117 217 -317 0
-16 -116 -216 -316 -17 117 -217 -317 0
-16 -116 -216 -316 17 -117 -217 -317 0
-16 -116 -216 316 -17 -117 -217 -317 0
-16 -116 216 -316 -17 -117 -217 -317 0
-16 116 -216 -316 -17 -117 -217 -317 0
16 -116 -216 -316 -17 -117 -217 -317 0
-16 -116 -216 -316 -17 -117 -217 -317 0
26 126 226 326 27 127 227 327 0
-26 -126 226 326 27 127 227 327 0
-26 126 -226 326 27 127 227 327 0
-26 126 226 -326 27 127 227 327 0
-26 126 226 326 -27 127 227 327 0
-26 126 226 326 27 -127 227 327 0
-26 126 226 326 27 127 -227 327 0
-26 126 226 326 27 127 227 -327 0
26 -126 -226 326 27 127 227 327 0
26 -126 226 -326 27 127 227 327 0
26 -126 226 326 -27 127 227 327 0
26 -126 226 326 27 -127 227 327 0
26 -126 226 326 27 127 -227 327 0
26 -126 226 326 27 127 227 -327 0
26 126 -226 -326 27 127 227 327 0
26 126 -226 326 -27 127 227 327 0
26 126 -226 326 27 -127 227 327 0
26 126 -226 326 27 127 -227 327 0
26 126 -226 326 27 127 227 -327 0
26 126 226 -326 -27 127 227 327 0
26 126 226 -326 27 -127 227 327 0
26 126 226 -326 27 127 -227 327 0
26 126 226 -326 27 127 227 -327 0
26 126 226 326 -27 -127 227 327 0
26 126 226 326 -27 127 -227 327 0
26 126 226 326 -27 127 227 -327 0
26 126 226 326 27 -127 -227 327 0
26 126 226 326 27 -127 227 -327 0
26 126 226 326 27 127 -227 -327 0
-26 -126 -226 326 27 127 227 327 0
-26 -126 226 -326 27 127 227 327 0
-26 -126 226 326 -27 127 227 327 0
-26 -126 226 326 27 -127 227 327 0
-26 -126 226 326 27 127 -227 327 0
-26 -126 226 326 27 127 227 -327 0
-26 126 -226 -326 27 127 227 327 0
-26 126 -226 326 -27 127 227 327 0
-26 126 -226 326 27 -127 227 327 0
-26 126 -226 326 27 127 -227 327 0
-26 126 -226 326 27 127 227 -327 0
-26 126 226 -326 -27 127 227 327 0
-26 126 226 -326 27 -127 227 327 0
-26 126 226 -326 27 127 -227 327 0
-26 126 226 -326 27 127 227 -327 0
-26 126 226 326 -27 -127 227 327 0
-26 126 226 326 -27 127 -227 327 0
-26 126 226 326 -27 127 227 -327 0
-26 126 226 326 27 -127 -227 327 0
-26 126 226 326 27 -127 227 -327 0
-26 126 226 326 27 127 -227 -327 0
26 -126 -226 -326 27 127 227 327 0
26 -126 -226 326 -27 127 227 327 0
26 -126 -226 326 27 -127 227 327 0
26 -126 -226 326 27 127 -227 327 0
26 -126 -226 326 27 127 227 -327 0
26 -126 226 -326 -27 127 227 327 0
26 -126 226 -326 27 -127 227 327 0
26 -126 226 -326 27 127 -227 327 0
26 -126 226 -326 27 127 227 -327 0
26 -126 226 326 -27 -127 227 327 0
26 -126 226 326 -27 127 -227 327 0
26 -126 226 326 -27 127 227 -327 0
26 -126 226 326 27 -127 -227 327 0
26 -126 226 326 27 -127 227 -327 0
26 -126 226 326 27 127 -227 -327 0
26 126 -226 -326 -27 127 227 327 0
26 126 -226 -326 27 -127 227 327 0
26 126 -226 -326 27 127 -227 327 0
26 126 -226 -326 27 127 227 -327 0
26 126 -226 326 -27 -127 227 327 0
26 126 -226 326 -27 127 -227 327 0
26 126 -226 326 -27 127 227 -327 0
26 126 -226 326 27 -127 -227 327 0
26 126 -226 326 27 -127 227 -327 0
26 126 -226 326 27 127 -227 -327 0
26 126 226 -326 -27 -127 227 327 0
26 126 226 -326 -27 127 -227 327 0
26 126 226 -326 -27 127 227 -327 0
26 126 226 -326 27 -127 -227 327 0
26 126 226 -326 27 -127 227 -327 0
26 126 226 -326 27 127 -227 -327 0
26 126 226 326 -27 -127 -227 327 0
26 126 226 326 -27 -127 227 -327 0
26 126 226 326 -27 127 -227 -327 0
26 126 226 326 27 -127 -227 -327 0
-26 -126 -226 -326 27 127 227 327 0
-26 -126 -226 326 -27 127 227 327 0
-26 -126 -226 326 27 -127 227 327 0
-26 -126 -226 326 27 127 -227 327 0
-26 -126 -226 326 27 127 227 -327 0
-26 -126 226 -326 -27 127 227 327 0
-26 -126 226 -326 27 -127 227 327 0
-26 -126 226 -326 27 127 -227 327 0
-26 -126 226 -326 27 127 227 -327 0
-26 -126 226 326 -27 -127 227 327 0
-26 -126 226 326 -27 127 -227 327 0
-26 -126 226 326 -27 127 227 -327 0
-26 -126 226 326 27 -127 -227 327 0
-26 -126 226 326 27 -127 227 -327 0
-26 -126 226 326 27 127 -227 -327 0
-26 126 -226 -326 -27 127 227 327 0
-26 126 -226 -326 27 -127 227 327 0
-26 126 -226 -326 27 127 -227 327 0
-26 126 -226 -326 27 127 227 -327 0
-26 126 -226 326 -27 -127 227 327 0
-26 126 -226 326 -27 127 -227 327 0
-26 126 -226 326 -27 127 227 -327 0
-26 126 -226 326 27 -127 -227 327 0
-26 126 -226 326 27 -127 227 -327 0
-26 126 -226 326 27 127 -227 -327 0
-26 126 226 -326 -27 -127 227 327 0
-26 126 226 -326 -27 127 -227 327 0
-26 126 226 -326 -27 127 227 -327 0
-26 126 226 -326 27 -127 -227 327 0
-26 126 226 -326 27 -127 227 -327 0
-26 126 226 -326 27 127 -227 -327 0
-26 126 226 326 -27 -127 -227 327 0
-26 126 226 326 -27 -127 227 -327 0
-26 126 226 326 -27 127 -227 -327 0
-26 126 226 326 27 -127 -227 -327 0
26 -126 -226 -326 -27 127 227 327 0
26 -126 -226 -326 27 -127 227 327 0
26 -126 -226 -326 27 127 -227 327 0
26 -126 -226 -326 27 127 227 -327 0
26 -126 -226 326 -27 -127 227 327 0
26 -126 -226 326 -27 127 -227 327 0
26 -126 -226 326 -27 127 227 -327 0
26 -126 -226 326 27 -127 -227 327 0
26 -126 -226 326 27 -127 227 -327 0
26 -126 -226 326 27 127 -227 -327 0
26 -126 226 -326 -27 -127 227 327 0
26 -126 226 -326 -27 127 -227 327 0
26 -126 226 -326 -27 127 227 -327 0
26 -126 226 -326 27 -127 -227 327 0
26 -126 226 -326 27 -127 227 -327 0
26 -126 226 -326 27 127 -227 -327 0
26 -126 226 326 -27 -127 -227 327 0
26 -126 226 326 -27 -127 227 -327 0
26 -126 226 326 -27 127 -227 -327 0
26 -126 226 326 27 -127 -227 -327 0
26 126 -226 -326 -27 -127 227 327 0
26 126 -226 -326 -27 127 -227 327 0
26 126 -226 -326 -27 127 227 -327 0
26 126 -226 -326 27 -127 -227 327 0
26 126 -226 -326 27 -127 227 -327 0
26 126 -226 -326 27 127 -227 -327 0
26 126 -226 326 -27 -127 -227 327 0
26 126 -226 326 -27 -127 227 -327 0
26 126 -226 326 -27 127 -227 -327 0
26 126 -226 326 27 -127 -227 -327 0
26 126 226 -326 -27 -127 -227 327 0
26 126 226 -326 -27 -127 227 -327 0
26 126 226 -326 -27 127 -227 -327 0
26 126 226 -326 27 -127 -227 -327 0
26 126 226 326 -27 -127 -227 -327 0
-26 -126 -226 -326 -27 127 227 327 0
-26 -126 -226 -326 27 -127 227 327 0
-26 -126 -226 -326 27 127 -227 327 0
-26 -126 -226 -326 27 127 227 -327 0
-26 -126 -226 326 -27 -127 227 327 0
-26 -126 -226 326 -27 127 -227 327 0
-26 -126 -226 326 -27 127 227 -327 0
-26 -126 -226 326 27 -127 -227 327 0
-26 -126 -226 326 27 -127 227 -327 0
-26 -126 -226 326 27 127 -227 -327 0
-26 -126 226 -326 -27 -127 227 327 0
-26 -126 226 -326 -27 127 -227 327 0
-26 -126 226 -326 -27 127 227 -327 0
-26 -126 226 -326 27 -127 -227 327 0
-26 -126 226 -326 27 -127 227 -327 0
-26 -126 226 -326 27 127 -227 -327 0
-26 -126 226 326 -27 -127 -227 327 0
-26 -126 226 326 -27 -127 227 -327 0
-26 -126 226 326 -27 127 -227 -327 0
-26 -126 226 326 27 -127 -227 -327 0
-26 126 -226 -326 -27 -127 227 327 0
-26 126 -226 -326 -27 127 -227 327 0
-26 126 -226 -326 -27 127 227 -327 0
-26 126 -226 -326 27 -127 -227 327 0
-26 126 -226 -326 27 -127 227 -327 0
-26 126 -226 -326 27 127 -227 -327 0
-26 126 -226 326 -27 -127 -227 327 0
-26 126 -226 326 -27 -127 227 -327 0
-26 126 -226 326 -27 127 -227 -327 0
-26 126 -226 326 27 -127 -227 -327 0
-26 126 226 -326 -27 -127 -227 327 0
-26 126 226 -326 -27 -127 227 -327 0
-26 126 226 -326 -27 127 -227 -327 0
-26 126 226 -326 27 -127 -227 -327 0
-26 126 226 326 -27 -127 -227 -327 0
26 -126 -226 -326 -27 -127 227 327 0
26 -126 -226 -326 -27 127 -227 327 0
26 -126 -226 -326 -27 127 227 -327 0
26 -126 -226 -326 27 -127 -227 327 0
26 -126 -226 -326 27 -127 227 -327 0
26 -126 -226 -326 27 127 -227 -327 0
26 -126 -226 326 -27 -127 -227 327 0
26 -126 -226 326 -27 -127 227 -327 0
26 -126 -226 326 -27 127 -227 -327 0
26 -126 -226 326 27 -127 -227 -327 0
26 -126 226 -326 -27 -127 -227 327 0
26 -126 226 -326 -27 -127 227 -327 0
26 -126 226 -326 -27 127 -227 -327 0
26 -126 226 -326 27 -127 -227 -327 0
26 -126 226 326 -27 -127 -227 -327 0
26 126 -226 -326 -27 -127 -227 327 0
26 126 -226 -326 -27 -127 227 -327 0
26 126 -226 -326 -27 127 -227 -327 0
26 126 -226 -326 27 -127 -227 -327 0
26 126 -226 326 -27 -127 -227 -327 0
26 126 226 -326 -27 -127 -227 -327 0
-26 -126 -226 -326 -27 -127 227 327 0
-26 -126 -226 -326 -27 127 -227 327 0
-26 -126 -226 -326 -27 127 227 -327 0
-26 -126 -226 -326 27 -127 -227 327 0
-26 -126 -226 -326 27 -127 227 -327 0
-26 -126 -226 -326 27 127 -227 -327 0
-26 -126 -226 326 -27 -127 -227 327 0
-26 -126 -226 326 -27 -127 227 -327 0
-26 -126 -226 326 -27 127 -227 -327 0
-26 -126 -226 326 27 -127 -227 -327 0
-26 -126 226 -326 -27 -127 -227 327 0
-26 -126 226 -326 -27 -127 227 -327 0
-26 -126 226 -326 -27 127 -227 -327 0
-26 -126 226 -326 27 -127 -227 -327 0
-26 -126 226 326 -27 -127 -227 -327 0
-26 126 -226 -326 -27 -127 -227 327 0
-26 126 -226 -326 -27 -127 227 -327 0
-26 126 -226 -326 -27 127 -227 -327 0
-26 126 -226 -326 27 -127 -227 -327 0
-26 126 -226 326 -27 -127 -227 -327 0
-26 126 226 -326 -27 -127 -227 -327 0
26 -126 -226 -326 -27 -127 -227 327 0
26 -126 -226 -326 -27 -127 227 -327 0
26 -126 -226 -326 -27 127 -227 -327 0
26 -126 -226 -326 27 -127 -227 -327 0
26 -126 -226 326 -27 -127 -227 -327 0
26 -126 226 -326 -27 -127 -227 -327 0
26 126 -226 -326 -27 -127 -227 -327 0
-26 -126 -226 -326 -27 -127 -227 327 0
-26 -126 -226 -326 -27 -127 227 -327 0
-26 -126 -226 -326 -27 127 -227 -327 0
-26 -126 -226 -326 27 -127 -227 -327 0
-26 -126 -226 326 -27 -127 -227 -327 0
-26 -126 226 -326 -27 -127 -227 -327 0
-26 126 -226 -326 -27 -127 -227 -327 0
26 -126 -226 -326 -27 -127 -227 -327 0
-26 -126 -226 -326 -27 -127 -227 -327 0
36 136 236 336 37 137 237 337 0
-36 -136 236 336 37 137 237 337 0
-36 136 -236 336 37 137 237 337 0
-36 136 236 -336 37 137 237 337 0
-36 136 236 336 -37 137 237 337 0
-36 136 236 336 37 -137 237 337 0
-36 136 236 336 37 137 -237 337 0
-36 136 236 336 37 137 237 -337 0
36 -136 -236 336 37 137 237 337 0
36 -136 236 -336 37 137 237 337 0
36 -136 236 336 -37 137 237 337 0
36 -136 236 336 37 -137 237 337 0
36 -136 236 336 37 137 -237 337 0
36 -136 236 336 37 137 237 -337 0
36 136 -236 -336 37 137 237 337 0
36 136 -236 336 -37 137 237 337 0
36 136 -236 336 37 -137 237 337 0
36 136 -236 336 37 137 -237 337 0
36 136 -236 336 37 137 237 -337 0
36 136 236 -336 -37 137 237 337 0
36 136 236 -336 37 -137 237 337 0
36 136 236 -336 37 137 -237 337 0
36 136 236 -336 37 137 237 -337 0
36 136 236 336 -37 -137 237 337 0
36 136 236 336 -37 137 -237 337 0
36 136 236 336 -37 137 237 -337 0
36 136 236 336 37 -137 -237 337 0
36 136 236 336 37 -137 237 -337 0
36 136 236 336 37 137 -237 -337 0
-36 -136 -236 336 37 137 237 337 0
-36 -136 236 -336 37 137 237 337 0
-36 -136 236 336 -37 137 237 337 0
-36 -136 236 336 37 -137 237 337 0
-36 -136 236 336 37 137 -237 337 0
-36 -136 236 336 37 137 237 -337 0
-36 136 -236 -336 37 137 237 337 0
-36 136 -236 336 -37 137 237 337 0
-36 136 -236 336 37 -137 237 337 0
-36 136 -236 336 37 137 -237 337 0
-36 136 -236 336 37 137 237 -337 0
-36 136 236 -336 -37 137 237 337 0
-36 136 236 -336 37 -137 237 337 0
-36 136 236 -336 37 137 -237 337 0
-36 136 236 -336 37 137 237 -337 0
-36 136 236 336 -37 -137 237 337 0
-36 136 236 336 -37 137 -237 337 0
-36 136 236 336 -37 137 237 -337 0
-36 136 236 336 37 -137 -237 337 0
-36 136 236 336 37 -137 237 -337 0
-36 136 236 336 37 137 -237 -337 0
36 -136 -236 -336 37 137 237 337 0
36 -136 -236 336 -37 137 237 337 0
36 -136 -236 336 37 -137 237 337 0
36 -136 -236 336 37 137 -237 337 0
36 -136 -236 336 37 137 237 -337 0
36 -136 236 -336 -37 137 237 337 0
36 -136 236 -336 37 -137 237 337 0
36 -136 236 -336 37 137 -237 337 0
36 -136 236 -336 37 137 237 -337 0
36 -136 236 336 -37 -137 237 337 0
36 -136 236 336 -37 137 -237 337 0
36 -136 236 336 -37 137 237 -337 0
36 -136 236 336 37 -137 -237 337 0
36 -136 236 336 37 -137 237 -337 0
36 -136 236 336 37 137 -237 -337 0
36 136 -236 -336 -37 137 237 337 0
36 136 -236 -336 37 -137 237 337 0
36 136 -236 -336 37 137 -237 337 0
36 136 -236 -336 37 137 237 -337 0
36 136 -236 336 -37 -137 237 337 0
36 136 -236 336 -37 137 -237 337 0
36 136 -236 336 -37 137 237 -337 0
36 136 -236 336 37 -137 -237 337 0
36 136 -236 336 37 -137 237 -337 0
36 136 -236 336 37 137 -237 -337 0
36 136 236 -336 -37 -137 237 337 0
36 136 236 -336 -37 137 -237 337 0
36 136 236 -336 -37 137 237 -337 0
36 136 236 -336 37 -137 -237 337 0
36 136 236 -336 37 -137 237 -337 0
36 136 236 -336 37 137 -237 -337 0
36 136 236 336 -37 -137 -237 337 0
36 136 236 336 -37 -137 237 -337 0
36 136 236 336 -37 137 -237 -337 0
36 136 236 336 37 -137 -237 -337 0
-36 -136 -236 -336 37 137 237 337 0
-36 -136 -236 336 -37 137 237 337 0
-36 -136 -236 336 37 -137 237 337 0
-36 -136 -236 336 37 137 -237 337 0
-36 -136 -236 336 37 137 237 -337 0
-36 -136 236 -336 -37 137 237 337 0
-36 -136 236 -336 37 -137 237 337 0
-36 -136 236 -336 37 137 -237 337 0
-36 -136 236 -336 37 137 237 -337 0
-36 -136 236 336 -37 -137 237 337 0
-36 -136 236 336 -37 137 -237 337 0
-36 -136 236 336 -37 137 237 -337 0
-36 -136 236 336 37 -137 -237 337 0
-36 -136 236 336 37 -137 237 -337 0
-36 -136 236 336 37 137 -237 -337 0
-36 136 -236 -336 -37 137 237 337 0
-36 136 -236 -336 37 -137 237 337 0
-36 136 -236 -336 37 137 -237 337 0
-36 136 -236 -336 37 137 237 -337 0
-36 136 -236 336 -37 -137 237 337 0
-36 136 -236 336 -37 137 -237 337 0
-36 136 -236 336 -37 137 237 -337 0
-36 136 -236 336 37 -137 -237 337 0
-36 136 -236 336 37 -137 237 -337 0
-36 136 -236 336 37 137 -237 -337 0
-36 136 236 -336 -37 -137 237 337 0
-36 136 236 -336 -37 137 -237 337 0
-36 136 236 -336 -37 137 237 -337 0
-36 136 236 -336 37 -137 -237 337 0
-36 136 236 -336 37 -137 237 -337 0
-36 136 236 -336 37 137 -237 -337 0
-36 136 236 336 -37 -137 -237 337 0
-36 136 236 336 -37 -137 237 -337 0
-36 136 236 336 -37 137 -237 -337 0
-36 136 236 336 37 -137 -237 -337 0
36 -136 -236 -336 -37 137 237 337 0
36 -136 -236 -336 37 -137 237 337 0
36 -136 -236 -336 37 137 -237 337 0
36 -136 -236 -336 37 137 237 -337 0
36 -136 -236 336 -37 -137 237 337 0
36 -136 -236 336 -37 137 -237 337 0
36 -136 -236 336 -37 137 237 -337 0
36 -136 -236 336 37 -137 -237 337 0
36 -136 -236 336 37 -137 237 -337 0
36 -136 -236 336 37 137 -237 -337 0
36 -136 236 -336 -37 -137 237 337 0
36 -136 236 -336 -37 137 -237 337 0
36 -136 236 -336 -37 137 237 -337 0
36 -136 236 -336 37 -137 -237 337 0
36 -136 236 -336 37 -137 237 -337 0
36 -136 236 -336 37 137 -237 -337 0
36 -136 236 336 -37 -137 -237 337 0
36 -136 236 336 -37 -137 237 -337 0
36 -136 236 336 -37 137 -237 -337 0
36 -136 236 336 37 -137 -237 -337 0
36 136 -236 -336 -37 -137 237 337 0
36 136 -236 -336 -37 137 -237 337 0
36 136 -236 -336 -37 137 237 -337 0
36 136 -236 -336 37 -137 -237 337 0
36 136 -236 -336 37 -137 237 -337 0
36 136 -236 -336 37 137 -237 -337 0
36 136 -236 336 -37 -137 -237 337 0
36 136 -236 336 -37 -137 237 -337 0
36 136 -236 336 -37 137 -237 -337 0
36 136 -236 336 37 -137 -237 -337 0
36 136 236 -336 -37 -137 -237 337 0
36 136 236 -336 -37 -137 237 -337 0
36 136 236 -336 -37 137 -237 -337 0
36 136 236 -336 37 -137 -237 -337 0
36 136 236 336 -37 -137 -237 -337 0
-36 -136 -236 -336 -37 137 237 337 0
-36 -136 -236 -336 37 -137 237 337 0
-36 -136 -236 -336 37 137 -237 337 0
-36 -136 -236 -336 37 137 237 -337 0
-36 -136 -236 336 -37 -137 237 337 0
-36 -136 -236 336 -37 137 -237 337 0
-36 -136 -236 336 -37 137 237 -337 0
-36 -136 -236 336 37 -137 -237 337 0
-36 -136 -236 336 37 -137 237 -337 0
-36 -136 -236 336 37 137 -237 -337 0
-36 -136 236 -336 -37 -137 237 337 0
-36 -136 236 -336 -37 137 -237 337 0
-36 -136 236 -336 -37 137 237 -337 0
-36 -136 236 -336 37 -137 -237 337 0
-36 -136 236 -336 37 -137 237 -337 0
-36 -136 236 -336 37 137 -237 -337 0
-36 -136 236 336 -37 -137 -237 337 0
-36 -136 236 336 -37 -137 237 -337 0
-36 -136 236 336 -37 137 -237 -337 0
-36 -136 236 336 37 -137 -237 -337 0
-36 136 -236 -336 -37 -137 237 337 0
-36 136 -236 -336 -37 137 -237 337 0
-36 136 -236 -336 -37 137 237 -337 0
-36 136 -236 -336 37 -137 -237 337 0
-36 136 -236 -336 37 -137 237 -337 0
-36 136 -236 -336 37 137 -237 -337 0
-36 136 -236 336 -37 -137 -237 337 0
-36 136 -236 336 -37 -137 237 -337 0
-36 136 -236 336 -37 137 -237 -337 0
-36 136 -236 336 37 -137 -237 -337 0
-36 136 236 -336 -37 -137 -237 337 0
-36 136 236 -336 -37 -137 237 -337 0
-36 136 236 -336 -37 137 -237 -337 0
-36 136 236 -336 37 -137 -237 -337 0
-36 136 236 336 -37 -137 -237 -337 0
36 -136 -236 -336 -37 -137 237 337 0
36 -136 -236 -336 -37 137 -237 337 0
36 -136 -236 -336 -37 137 237 -337 0
36 -136 -236 -336 37 -137 -237 337 0
36 -136 -236 -336 37 -137 237 -337 0
36 -136 -236 -336 37 137 -237 -337 0
36 -136 -236 336 -37 -137 -237 337 0
36 -136 -236 336 -37 -137 237 -337 0
36 -136 -236 336 -37 137 -237 -337 0
36 -136 -236 336 37 -137 -237 -337 0
36 -136 236 -336 -37 -137 -237 337 0
36 -136 236 -336 -37 -137 237 -337 0
36 -136 236 -336 -37 137 -237 -337 0
36 -136 236 -336 37 -137 -237 -337 0
36 -136 236 336 -37 -137 -237 -337 0
36 136 -236 -336 -37 -137 -237 337 0
36 136 -236 -336 -37 -137 237 -337 0
36 136 -236 -336 -37 137 -237 -337 0
36 136 -236 -336 37 -137 -237 -337 0
36 136 -236 336 -37 -137 -237 -337 0
36 136 236 -336 -37 -137 -237 -337 0
-36 -136 -236 -336 -37 -137 237 337 0
-36 -136 -236 -336 -37 137 -237 337 0
-36 -136 -236 -336 -37 137 237 -337 0
-36 -136 -236 -336 37 -137 -237 337 0
-36 -136 -236 -336 37 -137 237 -337 0
-36 -136 -236 -336 37 137 -237 -337 0
-36 -136 -236 336 -37 -137 -237 337 0
-36 -136 -236 336 -37 -137 237 -337 0
-36 -136 -236 336 -37 137 -237 -337 0
-36 -136 -236 336 37 -137 -237 -337 0
-36 -136 236 -336 -37 -137 -237 337 0
-36 -136 236 -336 -37 -137 237 -337 0
-36 -136 236 -336 -37 137 -237 -337 0
-36 -136 236 -336 37 -137 -237 -337 0
-36 -136 236 336 -37 -137 -237 -337 0
-36 136 -236 -336 -37 -137 -237 337 0
-36 136 -236 -336 -37 -137 237 -337 0
-36 136 -236 -336 -37 137 -237 -337 0
-36 136 -236 -336 37 -137 -237 -337 0
-36 136 -236 336 -37 -137 -237 -337 0
-36 136 236 -336 -37 -137 -237 -337 0
36 -136 -236 -336 -37 -137 -237 337 0
36 -136 -236 -336 -37 -137 237 -337 0
36 -136 -236 -336 -37 137 -237 -337 0
36 -136 -236 -336 37 -137 -237 -337 0
36 -136 -236 336 -37 -137 -237 -337 0
36 -136 236 -336 -37 -137 -237 -337 0
36 136 -236 -336 -37 -137 -237 -337 0
-36 -136 -236 -336 -37 -137 -237 337 0
-36 -136 -236 -336 -37 -137 237 -337 0
-36 -136 -236 -336 -37 137 -237 -337 0
-36 -136 -236 -336 37 -137 -237 -337 0
-36 -136 -236 336 -37 -137 -237 -337 0
-36 -136 236 -336 -37 -137 -237 -337 0
-36 136 -236 -336 -37 -137 -237 -337 0
36 -136 -236 -336 -37 -137 -237 -337 0
-36 -136 -236 -336 -37 -137 -237 -337 0
6 16 26 36 7 17 27 37 0
-6 -16 26 36 7 17 27 37 0
-6 16 -26 36 7 17 27 37 0
-6 16 26 -36 7 17 27 37 0
-6 16 26 36 -7 17 27 37 0
-6 16 26 36 7 -17 27 37 0
-6 16 26 36 7 17 -27 37 0
-6 16 26 36 7 17 27 -37 0
6 -16 -26 36 7 17 27 37 0
6 -16 26 -36 7 17 27 37 0
6 -16 26 36 -7 17 27 37 0
6 -16 26 36 7 -17 27 37 0
6 -16 26 36 7 17 -27 37 0
6 -16 26 36 7 17 27 -37 0
6 16 -26 -36 7 17 27 37 0
6 16 -26 36 -7 17 27 37 0
6 16 -26 36 7 -17 27 37 0
6 16 -26 36 7 17 -27 37 0
6 16 -26 36 7 17 27 -37 0
6 16 26 -36 -7 17 27 37 0
6 16 26 -36 7 -17 27 37 0
6 16 26 -36 7 17 -27 37 0
6 16 26 -36 7 17 27 -37 0
6 16 26 36 -7 -17 27 37 0
6 16 26 36 -7 17 -27 37 0
6 16 26 36 -7 17 27 -37 0
6 16 26 36 7 -17 -27 37 0
6 16 26 36 7 -17 27 -37 0
6 16 26 36 7 17 -27 -37 0
-6 -16 -26 36 7 17 27 37 0
-6 -16 26 -36 7 17 27 37 0
-6 -16 26 36 -7 17 27 37 0
-6 -16 26 36 7 -17 27 37 0
-6 -16 26 36 7 17 -27 37 0
-6 -16 26 36 7 17 27 -37 0
-6 16 -26 -36 7 17 27 37 0
-6 16 -26 36 -7 17 27 37 0
-6 16 -26 36 7 -17 27 37 0
-6 16 -26 36 7 17 -27 37 0
-6 16 -26 36 7 17 27 -37 0
-6 16 26 -36 -7 17 27 37 0
-6 16 26 -36 7 -17 27 37 0
-6 16 26 -36 7 17 -27 37 0
-6 16 26 -36 7 17 27 -37 0
-6 16 26 36 -7 -17 27 37 0
-6 16 26 36 -7 17 -27 37 0
-6 16 26 36 -7 17 27 -37 0
-6 16 26 36 7 -17 -27 37 0
-6 16 26 36 7 -17 27 -37 0
-6 16 26 36 7 17 -27 -37 0
6 -16 -26 -36 7 17 27 37 0
6 -16 -26 36 -7 17 27 37 0
6 -16 -26 36 7 -17 27 37 0
6 -16 -26 36 7 17 -27 37 0
6 -16 -26 36 7 17 27 -37 0
6 -16 26 -36 -7 17 27 37 0
6 -16 26 -36 7 -17 27 37 0
6 -16 26 -36 7 17 -27 37 0
6 -16 26 -36 7 17 27 -37 0
6 -16 26 36 -7 -17 27 37 0
6 -16 26 36 -7 17 -27 37 0
6 -16 26 36 -7 17 27 -37 0
6 -16 26 36 7 -17 -27 37 0
6 -16 26 36 7 -17 27 -37 0
6 -16 26 36 7 17 -27 -37 0
6 16 -26 -36 -7 17 27 37 0
6 16 -26 -36 7 -17 27 37 0
6 16 -26 -36 7 17 -27 37 0
6 16 -26 -36 7 17 27 -37 0
6 16 -26 36 -7 -17 27 37 0
6 16 -26 36 -7 17 -27 37 0
6 16 -26 36 -7 17 27 -37 0
6 16 -26 36 7 -17 -27 37 0
6 16 -26 36 7 -17 27 -37 0
6 16 -26 36 7 17 -27 -37 0
6 16 26 -36 -7 -17 27 37 0
6 16 26 -36 -7 17 -27 37 0
6 16 26 -36 -7 17 27 -37 0
6 16 26 -36 7 -17 -27 37 0
6 16 26 -36 7 -17 27 -37 0
6 16 26 -36 7 17 -27 -37 0
6 16 26 36 -7 -17 -27 37 0
6 16 26 36 -7 -17 27 -37 0
6 16 26 36 -7 17 -27 -37 0
6 16 26 36 7 -17 -27 -37 0
-6 -16 -26 -36 7 17 27 37 0
-6 -16 -26 36 -7 17 27 37 0
-6 -16 -26 36 7 -17 27 37 0
-6 -16 -26 36 7 17 -27 37 0
-6 -16 -26 36 7 17 27 -37 0
-6 -16 26 -36 -7 17 27 37 0
-6 -16 26 -36 7 -17 27 37 0
-6 -16 26 -36 7 17 -27 37 0
-6 -16 26 -36 7 17 27 -37 0
-6 -16 26 36 -7 -17 27 37 0
-6 -16 26 36 -7 17 -27 37 0
-6 -16 26 36 -7 17 27 -37 0
-6 -16 26 36 7 -17 -27 37 0
-6 -16 26 36 7 -17 27 -37 0
-6 -16 26 36 7 17 -27 -37 0
-6 16 -26 -36 -7 17 27 37 0
-6 16 -26 -36 7 -17 27 37 0
-6 16 -26 -36 7 17 -27 37 0
-6 16 -26 -36 7 17 27 -37 0
-6 16 -26 36 -7 -17 27 37 0
-6 16 -26 36 -7 17 -27 37 0
-6 16 -26 36 -7 17 27 -37 0
-6 16 -26 36 7 -17 -27 37 0
-6 16 -26 36 7 -17 27 -37 0
-6 16 -26 36 7 17 -27 -37 0
-6 16 26 -36 -7 -17 27 37 0
-6 16 26 -36 -7 17 -27 37 0
-6 16 26 -36 -7 17 27 -37 0
-6 16 26 -36 7 -17 -27 37 0
-6 16 26 -36 7 -17 27 -37 0
-6 16 26 -36 7 17 -27 -37 0
-6 16 26 36 -7 -17 -27 37 0
-6 16 26 36 -7 -17 27 -37 0
-6 16 26 36 -7 17 -27 -37 0
-6 16 26 36 7 -17 -27 -37 0
6 -16 -26 -36 -7 17 27 37 0
6 -16 -26 -36 7 -17 27 37 0
6 -16 -26 -36 7 17 -27 37 0
6 -16 -26 -36 7 17 27 -37 0
6 -16 -26 36 -7 -17 27 37 0
6 -16 -26 36 -7 17 -27 37 0
6 -16 -26 36 -7 17 27 -37 0
6 -16 -26 36 7 -17 -27 37 0
6 -16 -26 36 7 -17 27 -37 0
6 -16 -26 36 7 17 -27 -37 0
6 -16 26 -36 -7 -17 27 37 0
6 -16 26 -36 -7 17 -27 37 0
6 -16 26 -36 -7 17 27 -37 0
6 -16 26 -36 7 -17 -27 37 0
6 -16 26 -36 7 -17 27 -37 0
6 -16 26 -36 7 17 -27 -37 0
6 -16 26 36 -7 -17 -27 37 0
6 -16 26 36 -7 -17 27 -37 0
6 -16 26 36 -7 17 -27 -37 0
6 -16 26 36 7 -17 -27 -37 0
6 16 -26 -36 -7 -17 27 37 0
6 16 -26 -36 -7 17 -27 37 0
6 16 -26 -36 -7 17 27 -37 0
6 16 -26 -36 7 -17 -27 37 0
6 16 -26 -36 7 -17 27 -37 0
6 16 -26 -36 7 17 -27 -37 0
6 16 -26 36 -7 -17 -27 37 0
6 16 -26 36 -7 -17 27 -37 0
6 16 -26 36 -7 17 -27 -37 0
6 16 -26 36 7 -17 -27 -37 0
6 16 26 -36 -7 -17 -27 37 0
6 16 26 -36 -7 -17 27 -37 0
6 16 26 -36 -7 17 -27 -37 0
6 16 26 -36 7 -17 -27 -37 0
6 16 26 36 -7 -17 -27 -37 0
-6 -16 -26 -36 -7 17 27 37 0
-6 -16 -26 -36 7 -17 27 37 0
-6 -16 -26 -36 7 17 -27 37 0
-6 -16 -26 -36 7 17 27 -37 0
-6 -16 -26 36 -7 -17 27 37 0
-6 -16 -26 36 -7 17 -27 37 0
-6 -16 -26 36 -7 17 27 -37 0
-6 -16 -26 36 7 -17 -27 37 0
-6 -16 -26 36 7 -17 27 -37 0
-6 -16 -26 36 7 17 -27 -37 0
-6 -16 26 -36 -7 -17 27 37 0
-6 -16 26 -36 -7 17 -27 37 0
-6 -16 26 -36 -7 17 27 -37 0
-6 -16 26 -36 7 -17 -27 37 0
-6 -16 26 -36 7 -17 27 -37 0
-6 -16 26 -36 7 17 -27 -37 0
-6 -16 26 36 -7 -17 -27 37 0
-6 -16 26 36 -7 -17 27 -37 0
-6 -16 26 36 -7 17 -27 -37 0
-6 -16 26 36 7 -17 -27 -37 0
-6 16 -26 -36 -7 -17 27 37 0
-6 16 -26 -36 -7 17 -27 37 0
-6 16 -26 -36 -7 17 27 -37 0
-6 16 -26 -36 7 -17 -27 37 0
-6 16 -26 -36 7 -17 27 -37 0
-6 16 -26 -36 7 17 -27 -37 0
-6 16 -26 36 -7 -17 -27 37 0
-6 16 -26 36 -7 -17 27 -37 0
-6 16 -26 36 -7 17 -27 -37 0
-6 16 -26 36 7 -17 -27 -37 0
-6 16 26 -36 -7 -17 -27 37 0
-6 16 26 -36 -7 -17 27 -37 0
-6 16 26 -36 -7 17 -27 -37 0
-6 16 26 -36 7 -17 -27 -37 0
-6 16 26 36 -7 -17 -27 -37 0
6 -16 -26 -36 -7 -17 27 37 0
6 -16 -26 -36 -7 17 -27 37 0
6 -16 -26 -36 -7 17 27 -37 0
6 -16 -26 -36 7 -17 -27 37 0
6 -16 -26 -36 7 -17 27 -37 0
6 -16 -26 -36 7 17 -27 -37 0
6 -16 -26 36 -7 -17 -27 37 0
6 -16 -26 36 -7 -17 27 -37 0
6 -16 -26 36 -7 17 -27 -37 0
6 -16 -26 36 7 -17 -27 -37 0
6 -16 26 -36 -7 -17 -27 37 0
6 -16 26 -36 -7 -17 27 -37 0
6 -16 26 -36 -7 17 -27 -37 0
6 -16 26 -36 7 -17 -27 -37 0
6 -16 26 36 -7 -17 -27 -37 0
6 16 -26 -36 -7 -17 -27 37 0
6 16 -26 -36 -7 -17 27 -37 0
6 16 -26 -36 -7 17 -27 -37 0
6 16 -26 -36 7 -17 -27 -37 0
6 16 -26 36 -7 -17 -27 -37 0
6 16 26 -36 -7 -17 -27 -37 0
-6 -16 -26 -36 -7 -17 27 37 0
-6 -16 -26 -36 -7 17 -27 37 0
-6 -16 -26 -36 -7 17 27 -37 0
-6 -16 -26 -36 7 -17 -27 37 0
-6 -16 -26 -36 7 -17 27 -37 0
-6 -16 -26 -36 7 17 -27 -37 0
-6 -16 -26 36 -7 -17 -27 37 0
-6 -16 -26 36 -7 -17 27 -37 0
-6 -16 -26 36 -7 17 -27 -37 0
-6 -16 -26 36 7 -17 -27 -37 0
-6 -16 26 -36 -7 -17 -27 37 0
-6 -16 26 -36 -7 -17 27 -37 0
-6 -16 26 -36 -7 17 -27 -37 0
-6 -16 26 -36 7 -17 -27 -37 0
-6 -16 26 36 -7 -17 -27 -37 0
-6 16 -26 -36 -7 -17 -27 37 0
-6 16 -26 -36 -7 -17 27 -37 0
-6 16 -26 -36 -7 17 -27 -37 0
-6 16 -26 -36 7 -17 -27 -37 0
-6 16 -26 36 -7 -17 -27 -37 0
-6 16 26 -36 -7 -17 -27 -37 0
6 -16 -26 -36 -7 -17 -27 37 0
6 -16 -26 -36 -7 -17 27 -37 0
6 -16 -26 -36 -7 17 -27 -37 0
6 -16 -26 -36 7 -17 -27 -37 0
6 -16 -26 36 -7 -17 -27 -37 0
6 -16 26 -36 -7 -17 -27 -37 0
6 16 -26 -36 -7 -17 -27 -37 0
-6 -16 -26 -36 -7 -17 -27 37 0
-6 -16 -26 -36 -7 -17 27 -37 0
-6 -16 -26 -36 -7 17 -27 -37 0
-6 -16 -26 -36 7 -17 -27 -37 0
-6 -16 -26 36 -7 -17 -27 -37 0
-6 -16 26 -36 -7 -17 -27 -37 0
-6 16 -26 -36 -7 -17 -27 -37 0
6 -16 -26 -36 -7 -17 -27 -37 0
-6 -16 -26 -36 -7 -17 -27 -37 0
106 116 126 136 107 117 127 137 0
-106 -116 126 136 107 117 127 137 0
-106 116 -126 136 107 117 127 137 0
-106 116 126 -136 107 117 127 137 0
-106 116 126 136 -107 117 127 137 0
-106 116 126 136 107 -117 127 137 0
-106 116 126 136 107 117 -127 137 0
-106 116 126 136 107 117 127 -137 0
106 -116 -126 136 107 117 127 137 0
106 -116 126 -136 107 117 127 137 0
106 -116 126 136 -107 117 127 137 0
106 -116 126 136 107 -117 127 137 0
106 -116 126 136 107 117 -127 137 0
106 -116 126 136 107 117 127 -137 0
106 116 -126 -136 107 117 127 137 0
106 116 -126 136 -107 117 127 137 0
106 116 -126 136 107 -117 127 137 0
106 116 -126 136 107 117 -127 137 0
106 116 -126 136 107 117 127 -137 0
106 116 126 -136 -107 117 127 137 0
106 116 126 -136 107 -117 127 137 0
106 116 126 -136 107 117 -127 137 0
106 116 126 -136 107 117 127 -137 0
106 116 126 136 -107 -117 127 137 0
106 116 126 136 -107 117 -127 137 0
106 116 126 136 -107 117 127 -137 0
106 116 126 136 107 -117 -127 137 0
106 116 126 136 107 -117 127 -137 0
106 116 126 136 107 117 -127 -137 0
-106 -116 -126 136 107 117 127 137 0
-106 -116 126 -136 107 117 127 137 0
-106 -116 126 136 -107 117 127 137 0
-106 -116 126 136 107 -117 127 137 0
-106 -116 126 136 107 117 -127 137 0
-106 -116 126 136 107 117 127 -137 0
-106 116 -126 -136 107 117 127 137 0
-106 116 -126 136 -107 117 127 137 0
-106 116 -126 136 107 -117 127 137 0
-106 116 -126 136 107 117 -127 137 0
-106 116 -126 136 107 117 127 -137 0
-106 116 126 -136 -107 117 127 137 0
-106 116 126 -136 107 -117 127 137 0
-106 116 126 -136 107 117 -127 137 0
-106 116 126 -136 107 117 127 -137 0
-106 116 126 136 -107 -117 127 137 0
-106 116 126 136 -107 117 -127 137 0
-106 116 126 136 -107 117 127 -137 0
-106 116 126 136 107 -117 -127 137 0
-106 116 126 136 107 -117 127 -137 0
-106 116 126 136 107 117 -127 -137 0
106 -116 -126 -136 107 117 127 137 0
106 -116 -126 136 -107 117 127 137 0
106 -116 -126 136 107 -117 127 137 0
106 -116 -126 136 107 117 -127 137 0
106 -116 -126 136 107 117 127 -137 0
106 -116 126 -136 -107 117 127 137 0
106 -116 126 -136 107 -117 127 137 0
106 -116 126 -136 107 117 -127 137 0
106 -116 126 -136 107 117 127 -137 0
106 -116 126 136 -107 -117 127 137 0
106 -116 126 136 -107 117 -127 137 0
106 -116 126 136 -107 117 127 -137 0
106 -116 126 136 107 -117 -127 137 0
106 -116 126 136 107 -117 127 -137 0
106 -116 126 136 107 117 -127 -137 0
106 116 -126 -136 -107 117 127 137 0
106 116 -126 -136 107 -117 127 137 0
106 116 -126 -136 107 117 -127 137 0
106 116 -126 -136 107 117 127 -137 0
106 116 -126 136 -107 -117 127 137 0
106 116 -126 136 -107 117 -127 137 0
106 116 -126 136 -107 117 127 -137 0
106 116 -126 136 107 -117 -127 137 0
106 116 -126 136 107 -117 127 -137 0
106 116 -126 136 107 117 -127 -137 0
106 116 126 -136 -107 -117 127 137 0
106 116 126 -136 -107 117 -127 137 0
106 116 126 -136 -107 117 127 -137 0
106 116 126 -136 107 -117 -127 137 0
106 116 126 -136 107 -117 127 -137 0
106 116 126 -136 107 117 -127 -137 0
106 116 126 136 -107 -117 -127 137 0
106 116 126 136 -107 -117 127 -137 0
106 116 126 136 -107 117 -127 -137 0
106 116 126 136 107 -117 -127 -137 0
-106 -116 -126 -136 107 117 127 137 0
-106 -116 -126 136 -107 117 127 137 0
-106 -116 -126 136 107 -117 127 137 0
-106 -116 -126 136 107 117 -127 137 0
-106 -116 -126 136 107 117 127 -137 0
-106 -116 126 -136 -107 117 127 137 0
-106 -116 126 -136 107 -117 127 137 0
-106 -116 126 -136 107 117 -127 137 0
-106 -116 126 -136 107 117 127 -137 0
-106 -116 126 136 -107 -117 127 137 0
-106 -116 126 136 -107 117 -127 137 0
-106 -116 126 136 -107 117 127 -137 0
-106 -116 126 136 107 -117 -127 137 0
-106 -116 126 136 107 -117 127 -137 0
-106 -116 126 136 107 117 -127 -137 0
-106 116 -126 -136 -107 117 127 137 0
-106 116 -126 -136 107 -117 127 137 0
-106 116 -126 -136 107 117 -127 137 0
-106 116 -126 -136 107 117 127 -137 0
-106 116 -126 136 -107 -117 127 137 0
-106 116 -126 136 -107 117 -127 137 0
-106 116 -126 136 -107 117 127 -137 0
-106 116 -126 136 107 -117 -127 137 0
-106 116 -126 136 107 -117 127 -137 0
-106 116 -126 136 107 117 -127 -137 0
-106 116 126 -136 -107 -117 127 137 0
-106 116 126 -136 -107 117 -127 137 0
-106 116 126 -136 -107 117 127 -137 0
-106 116 126 -136 107 -117 -127 137 0
-106 116 126 -136 107 -117 127 -137 0
-106 116 126 -136 107 117 -127 -137 0
-106 116 126 136 -107 -117 -127 137 0
-106 116 126 136 -107 -117 127 -137 0
-106 116 126 136 -107 117 -127 -137 0
-106 116 126 136 107 -117 -127 -137 0
106 -116 -126 -136 -107 117 127 137 0
106 -116 -126 -136 107 -117 127 137 0
106 -116 -126 -136 107 117 -127 137 0
106 -116 -126 -136 107 117 127 -137 0
106 -116 -126 136 -107 -117 127 137 0
106 -116 -126 136 -107 117 -127 137 0
106 -116 -126 136 -107 117 127 -137 0
106 -116 -126 136 107 -117 -127 137 0
106 -116 -126 136 107 -117 127 -137 0
106 -116 -126 136 107 117 -127 -137 0
106 -116 126 -136 -107 -117 127 137 0
106 -116 126 -136 -107 117 -127 137 0
106 -116 126 -136 -107 117 127 -137 0
106 -116 126 -136 107 -117 -127 137 0
106 -116 126 -136 107 -117 127 -137 0
106 -116 126 -136 107 117 -127 -137 0
106 -116 126 136 -107 -117 -127 137 0
106 -116 126 136 -107 -117 127 -137 0
106 -116 126 136 -107 117 -127 -137 0
106 -116 126 136 107 -117 -127 -137 0
106 116 -126 -136 -107 -117 127 137 0
106 116 -126 -136 -107 117 -127 137 0
106 116 -126 -136 -107 117 127 -137 0
106 116 -126 -136 107 -117 -127 137 0
106 116 -126 -136 107 -117 127 -137 0
106 116 -126 -136 107 117 -127 -137 0
106 116 -126 136 -107 -117 -127 137 0
106 116 -126 136 -107 -117 127 -137 0
106 116 -126 136 -107 117 -127 -137 0
106 116 -126 136 107 -117 -127 -137 0
106 116 126 -136 -107 -117 -127 137 0
106 116 126 -136 -107 -117 127 -137 0
106 116 126 -136 -107 117 -127 -137 0
106 116 126 -136 107 -117 -127 -137 0
106 116 126 136 -107 -117 -127 -137 0
-106 -116 -126 -136 -107 117 127 137 0
-106 -116 -126 -136 107 -117 127 137 0
-106 -116 -126 -136 107 117 -127 137 0
-106 -116 -126 -136 107 117 127 -137 0
-106 -116 -126 136 -107 -117 127 137 0
-106 -116 -126 136 -107 117 -127 137 0
-106 -116 -126 136 -107 117 127 -137 0
-106 -116 -126 136 107 -117 -127 137 0
-106 -116 -126 136 107 -117 127 -137 0
-106 -116 -126 136 107 117 -127 -137 0
-106 -116 126 -136 -107 -117 127 137 0
-106 -116 126 -136 -107 117 -127 137 0
-106 -116 126 -136 -107 117 127 -137 0
-106 -116 126 -136 107 -117 -127 137 0
-106 -116 126 -136 107 -117 127 -137 0
-106 -116 126 -136 107 117 -127 -137 0
-106 -116 126 136 -107 -117 -127 137 0
-106 -116 126 136 -107 -117 127 -137 0
-106 -116 126 136 -107 117 -127 -137 0
-106 -116 126 136 107 -117 -127 -137 0
-106 116 -126 -136 -107 -117 127 137 0
-106 116 -126 -136 -107 117 -127 137 0
-106 116 -126 -136 -107 117 127 -137 0
-106 116 -126 -136 107 -117 -127 137 0
-106 116 -126 -136 107 -117 127 -137 0
-106 116 -126 -136 107 117 -127 -137 0
-106 116 -126 136 -107 -117 -127 137 0
-106 116 -126 136 -107 -117 127 -137 0
-106 116 -126 136 -107 117 -127 -137 0
-106 116 -126 136 107 -117 -127 -137 0
-106 116 126 -136 -107 -117 -127 137 0
-106 116 126 -136 -107 -117 127 -137 0
-106 116 126 -136 -107 117 -127 -137 0
-106 116 126 -136 107 -117 -127 -137 0
-106 116 126 136 -107 -117 -127 -137 0
106 -116 -126 -136 -107 -117 127 137 0
106 -116 -126 -136 -107 117 -127 137 0
106 -116 -126 -136 -107 117 127 -137 0
106 -116 -126 -136 107 -117 -127 137 0
106 -116 -126 -136 107 -117 127 -137 0
106 -116 -126 -136 107 117 -127 -137 0
106 -116 -126 136 -107 -117 -127 137 0
106 -116 -126 136 -107 -117 127 -137 0
106 -116 -126 136 -107 117 -127 -137 0
106 -116 -126 136 107 -117 -127 -137 0
106 -116 126 -136 -107 -117 -127 137 0
106 -116 126 -136 -107 -117 127 -137 0
106 -116 126 -136 -107 117 -127 -137 0
106 -116 126 -136 107 -117 -127 -137 0
106 -116 126 136 -107 -117 -127 -137 0
106 116 -126 -136 -107 -117 -127 137 0
106 116 -126 -136 -107 -117 127 -137 0
106 116 -126 -136 -107 117 -127 -137 0
106 116 -126 -136 107 -117 -127 -137 0
106 116 -126 136 -107 -117 -127 -137 0
106 116 126 -136 -107 -117 -127 -137 0
-106 -116 -126 -136 -107 -117 127 137 0
-106 -116 -126 -136 -107 117 -127 137 0
-106 -116 -126 -136 -107 117 127 -137 0
-106 -116 -126 -136 107 -117 -127 137 0
-106 -116 -126 -136 107 -117 127 -137 0
-106 -116 -126 -136 107 117 -127 -137 0
-106 -116 -126 136 -107 -117 -127 137 0
-106 -116 -126 136 -107 -117 127 -137 0
-106 -116 -126 136 -107 117 -127 -137 0
-106 -116 -126 136 107 -117 -127 -137 0
-106 -116 126 -136 -107 -117 -127 137 0
-106 -116 126 -136 -107 -117 127 -137 0
-106 -116 126 -136 -107 117 -127 -137 0
-106 -116 126 -136 107 -117 -127 -137 0
-106 -116 126 136 -107 -117 -127 -137 0
-106 116 -126 -136 -107 -117 -127 137 0
-106 116 -126 -136 -107 -117 127 -137 0
-106 116 -126 -136 -107 117 -127 -137 0
-106 116 -126 -136 107 -117 -127 -137 0
-106 116 -126 136 -107 -117 -127 -137 0
-106 116 126 -136 -107 -117 -127 -137 0
106 -116 -126 -136 -107 -117 -127 137 0
106 -116 -126 -136 -107 -117 127 -137 0
106 -116 -126 -136 -107 117 -127 -137 0
106 -116 -126 -136 107 -117 -127 -137 0
106 -116 -126 136 -107 -117 -127 -137 0
106 -116 126 -136 -107 -117 -127 -137 0
106 116 -126 -136 -107 -117 -127 -137 0
-106 -116 -126 -136 -107 -117 -127 137 0
-106 -116 -126 -136 -107 -117 127 -137 0
-106 -116 -126 -136 -107 117 -127 -137 0
-106 -116 -126 -136 107 -117 -127 -137 0
-106 -116 -126 136 -107 -117 -127 -137 0
-106 -116 126 -136 -107 -117 -127 -137 0
-106 116 -126 -136 -107 -117 -127 -137 0
106 -116 -126 -136 -107 -117 -127 -137 0
-106 -116 -126 -136 -107 -117 -127 -137 0
-206 216 226 236 207 217 227 237 0
206 -216 226 236 207 217 227 237 0
206 216 -226 236 207 217 227 237 0
206 216 226 -236 207 217 227 237 0
206 216 226 236 -207 217 227 237 0
206 216 226 236 207 -217 227 237 0
206 216 226 236 207 217 -227 237 0
206 216 226 236 207 217 227 -237 0
-206 -216 226 236 207 217 227 237 0
-206 216 -226 236 207 217 227 237 0
-206 216 226 -236 207 217 227 237 0
-206 216 226 236 -207 217 227 237 0
-206 216 226 236 207 -217 227 237 0
-206 216 226 236 207 217 -227 237 0
-206 216 226 236 207 217 227 -237 0
206 -216 -226 236 207 217 227 237 0
206 -216 226 -236 207 217 227 237 0
206 -216 226 236 -207 217 227 237 0
206 -216 226 236 207 -217 227 237 0
206 -216 226 236 207 217 -227 237 0
206 -216 226 236 207 217 227 -237 0
206 216 -226 -236 207 217 227 237 0
206 216 -226 236 -207 217 227 237 0
206 216 -226 236 207 -217 227 237 0
206 216 -226 236 207 217 -227 237 0
206 216 -226 236 207 217 227 -237 0
206 216 226 -236 -207 217 227 237 0
206 216 226 -236 207 -217 227 237 0
206 216 226 -236 207 217 -227 237 0
206 216 226 -236 207 217 227 -237 0
206 216 226 236 -207 -217 227 237 0
206 216 226 236 -207 217 -227 237 0
206 216 226 236 -207 217 227 -237 0
206 216 226 236 207 -217 -227 237 0
206 216 226 236 207 -217 227 -237 0
206 216 226 236 207 217 -227 -237 0
-206 -216 -226 236 207 217 227 237 0
-206 -216 226 -236 207 217 227 237 0
-206 -216 226 236 -207 217 227 237 0
-206 -216 226 236 207 -217 227 237 0
-206 -216 226 236 207 217 -227 237 0
-206 -216 226 236 207 217 227 -237 0
-206 216 -226 -236 207 217 227 237 0
-206 216 -226 236 -207 217 227 237 0
-206 216 -226 236 207 -217 227 237 0
-206 216 -226 236 207 217 -227 237 0
-206 216 -226 236 207 217 227 -237 0
-206 216 226 -236 -207 217 227 237 0
-206 216 226 -236 207 -217 227 237 0
-206 216 226 -236 207 217 -227 237 0
-206 216 226 -236 207 217 227 -237 0
-206 216 226 236 -207 -217 227 237 0
-206 216 226 236 -207 217 -227 237 0
-206 216 226 236 -207 217 227 -237 0
-206 216 226 236 207 -217 -227 237 0
-206 216 226 236 207 -217 227 -237 0
-206 216 226 236 207 217 -227 -237 0
206 -216 -226 -236 207 217 227 237 0
206 -216 -226 236 -207 217 227 237 0
206 -216 -226 236 207 -217 227 237 0
206 -216 -226 236 207 217 -227 237 0
206 -216 -226 236 207 217 227 -237 0
206 -216 226 -236 -207 217 227 237 0
206 -216 226 -236 207 -217 227 237 0
206 -216 226 -236 207 217 -227 237 0
206 -216 226 -236 207 217 227 -237 0
206 -216 226 236 -207 -217 227 237 0
206 -216 226 236 -207 217 -227 237 0
206 -216 226 236 -207 217 227 -237 0
206 -216 226 236 207 -217 -227 237 0
206 -216 226 236 207 -217 227 -237 0
206 -216 226 236 207 217 -227 -237 0
206 216 -226 -236 -207 217 227 237 0
206 216 -226 -236 207 -217 227 237 0
206 216 -226 -236 207 217 -227 237 0
206 216 -226 -236 207 217 227 -237 0
206 216 -226 236 -207 -217 227 237 0
206 216 -226 236 -207 217 -227 237 0
206 216 -226 236 -207 217 227 -237 0
206 216 -226 236 207 -217 -227 237 0
206 216 -226 236 207 -217 227 -237 0
206 216 -226 236 207 217 -227 -237 0
206 216 226 -236 -207 -217 227 237 0
206 216 226 -236 -207 217 -227 237 0
206 216 226 -236 -207 217 227 -237 0
206 216 226 -236 207 -217 -227 237 0
206 216 226 -236 207 -217 227 -237 0
206 216 226 -236 207 217 -227 -237 0
206 216 226 236 -207 -217 -227 237 0
206 216 226 236 -207 -217 227 -237 0
206 216 226 236 -207 217 -227 -237 0
206 216 226 236 207 -217 -227 -237 0
-206 -216 -226 -236 207 217 227 237 0
-206 -216 -226 236 -207 217 227 237 0
-206 -216 -226 236 207 -217 227 237 0
-206 -216 -226 236 207 217 -227 237 0
-206 -216 -226 236 207 217 227 -237 0
-206 -216 226 -236 -207 217 227 237 0
-206 -216 226 -236 207 -217 227 237 0
-206 -216 226 -236 207 217 -227 237 0
-206 -216 226 -236 207 217 227 -237 0
-206 -216 226 236 -207 -217 227 237 0
-206 -216 226 236 -207 217 -227 237 0
-206 -216 226 236 -207 217 227 -237 0
-206 -216 226 236 207 -217 -227 237 0
-206 -216 226 236 207 -217 227 -237 0
-206 -216 226 236 207 217 -227 -237 0
-206 216 -226 -236 -207 217 227 237 0
-206 216 -226 -236 207 -217 227 237 0
-206 216 -226 -236 207 217 -227 237 0
-206 216 -226 -236 207 217 227 -237 0
-206 216 -226 236 -207 -217 227 237 0
-206 216 -226 236 -207 217 -227 237 0
-206 216 -226 236 -207 217 227 -237 0
-206 216 -226 236 207 -217 -227 237 0
-206 216 -226 236 207 -217 227 -237 0
-206 216 -226 236 207 217 -227 -237 0
-206 216 226 -236 -207 -217 227 237 0
-206 216 226 -236 -207 217 -227 237 0
-206 216 226 -236 -207 217 227 -237 0
-206 216 226 -236 207 -217 -227 237 0
-206 216 226 -236 207 -217 227 -237 0
-206 216 226 -236 207 217 -227 -237 0
-206 216 226 236 -207 -217 -227 237 0
-206 216 226 236 -207 -217 227 -237 0
-206 216 226 236 -207 217 -227 -237 0
-206 216 226 236 207 -217 -227 -237 0
206 -216 -226 -236 -207 217 227 237 0
206 -216 -226 -236 207 -217 227 237 0
206 -216 -226 -236 207 217 -227 237 0
206 -216 -226 -236 207 217 227 -237 0
206 -216 -226 236 -207 -217 227 237 0
206 -216 -226 236 -207 217 -227 237 0
206 -216 -226 236 -207 217 227 -237 0
206 -216 -226 236 207 -217 -227 237 0
206 -216 -226 236 207 -217 227 -237 0
206 -216 -226 236 207 217 -227 -237 0
206 -216 226 -236 -207 -217 227 237 0
206 -216 226 -236 -207 217 -227 237 0
206 -216 226 -236 -207 217 227 -237 0
206 -216 226 -236 207 -217 -227 237 0
206 -216 226 -236 207 -217 227 -237 0
206 -216 226 -236 207 217 -227 -237 0
206 -216 226 236 -207 -217 -227 237 0
206 -216 226 236 -207 -217 227 -237 0
206 -216 226 236 -207 217 -227 -237 0
206 -216 226 236 207 -217 -227 -237 0
206 216 -226 -236 -207 -217 227 237 0
206 216 -226 -236 -207 217 -227 237 0
206 216 -226 -236 -207 217 227 -237 0
206 216 -226 -236 207 -217 -227 237 0
206 216 -226 -236 207 -217 227 -237 0
206 216 -226 -236 207 217 -227 -237 0
206 216 -226 236 -207 -217 -227 237 0
206 216 -226 236 -207 -217 227 -237 0
206 216 -226 236 -207 217 -227 -237 0
206 216 -226 236 207 -217 -227 -237 0
206 216 226 -236 -207 -217 -227 237 0
206 216 226 -236 -207 -217 227 -237 0
206 216 226 -236 -207 217 -227 -237 0
206 216 226 -236 207 -217 -227 -237 0
206 216 226 236 -207 -217 -227 -237 0
-206 -216 -226 -236 -207 217 227 237 0
-206 -216 -226 -236 207 -217 227 237 0
-206 -216 -226 -236 207 217 -227 237 0
-206 -216 -226 -236 207 217 227 -237 0
-206 -216 -226 236 -207 -217 227 237 0
-206 -216 -226 236 -207 217 -227 237 0
-206 -216 -226 236 -207 217 227 -237 0
-206 -216 -226 236 207 -217 -227 237 0
-206 -216 -226 236 207 -217 227 -237 0
-206 -216 -226 236 207 217 -227 -237 0
-206 -216 226 -236 -207 -217 227 237 0
-206 -216 226 -236 -207 217 -227 237 0
-206 -216 226 -236 -207 217 227 -237 0
-206 -216 226 -236 207 -217 -227 237 0
-206 -216 226 -236 207 -217 227 -237 0
-206 -216 226 -236 207 217 -227 -237 0
-206 -216 226 236 -207 -217 -227 237 0
-206 -216 226 236 -207 -217 227 -237 0
-206 -216 226 236 -207 217 -227 -237 0
-206 -216 226 236 207 -217 -227 -237 0
-206 216 -226 -236 -207 -217 227 237 0
-206 216 -226 -236 -207 217 -227 237 0
-206 216 -226 -236 -207 217 227 -237 0
-206 216 -226 -236 207 -217 -227 237 0
-206 216 -226 -236 207 -217 227 -237 0
-206 216 -226 -236 207 217 -227 -237 0
-206 216 -226 236 -207 -217 -227 237 0
-206 216 -226 236 -207 -217 227 -237 0
-206 216 -226 236 -207 217 -227 -237 0
-206 216 -226 236 207 -217 -227 -237 0
-206 216 226 -236 -207 -217 -227 237 0
-206 216 226 -236 -207 -217 227 -237 0
-206 216 226 -236 -207 217 -227 -237 0
-206 216 226 -236 207 -217 -227 -237 0
-206 216 226 236 -207 -217 -227 -237 0
206 -216 -226 -236 -207 -217 227 237 0
206 -216 -226 -236 -207 217 -227 237 0
206 -216 -226 -236 -207 217 227 -237 0
206 -216 -226 -236 207 -217 -227 237 0
206 -216 -226 -236 207 -217 227 -237 0
206 -216 -226 -236 207 217 -227 -237 0
206 -216 -226 236 -207 -217 -227 237 0
206 -216 -226 236 -207 -217 227 -237 0
206 -216 -226 236 -207 217 -227 -237 0
206 -216 -226 236 207 -217 -227 -237 0
206 -216 226 -236 -207 -217 -227 237 0
206 -216 226 -236 -207 -217 227 -237 0
206 -216 226 -236 -207 217 -227 -237 0
206 -216 226 -236 207 -217 -227 -237 0
206 -216 226 236 -207 -217 -227 -237 0
206 216 -226 -236 -207 -217 -227 237 0
206 216 -226 -236 -207 -217 227 -237 0
206 216 -226 -236 -207 217 -227 -237 0
206 216 -226 -236 207 -217 -227 -237 0
206 216 -226 236 -207 -217 -227 -237 0
206 216 226 -236 -207 -217 -227 -237 0
-206 -216 -226 -236 -207 -217 227 237 0
-206 -216 -226 -236 -207 217 -227 237 0
-206 -216 -226 -236 -207 217 227 -237 0
-206 -216 -226 -236 207 -217 -227 237 0
-206 -216 -226 -236 207 -217 227 -237 0
-206 -216 -226 -236 207 217 -227 -237 0
-206 -216 -226 236 -207 -217 -227 237 0
-206 -216 -226 236 -207 -217 227 -237 0
-206 -216 -226 236 -207 217 -227 -237 0
-206 -216 -226 236 207 -217 -227 -237 0
-206 -216 226 -236 -207 -217 -227 237 0
-206 -216 226 -236 -207 -217 227 -237 0
-206 -216 226 -236 -207 217 -227 -237 0
-206 -216 226 -236 207 -217 -227 -237 0
-206 -216 226 236 -207 -217 -227 -237 0
-206 216 -226 -236 -207 -217 -227 237 0
-206 216 -226 -236 -207 -217 227 -237 0
-206 216 -226 -236 -207 217 -227 -237 0
-206 216 -226 -236 207 -217 -227 -237 0
-206 216 -226 236 -207 -217 -227 -237 0
-206 216 226 -236 -207 -217 -227 -237 0
206 -216 -226 -236 -207 -217 -227 237 0
206 -216 -226 -236 -207 -217 227 -237 0
206 -216 -226 -236 -207 217 -227 -237 0
206 -216 -226 -236 207 -217 -227 -237 0
206 -216 -226 236 -207 -217 -227 -237 0
206 -216 226 -236 -207 -217 -227 -237 0
206 216 -226 -236 -207 -217 -227 -237 0
-206 -216 -226 -236 -207 -217 -227 237 0
-206 -216 -226 -236 -207 -217 227 -237 0
-206 -216 -226 -236 -207 217 -227 -237 0
-206 -216 -226 -236 207 -217 -227 -237 0
-206 -216 -226 236 -207 -217 -227 -237 0
-206 -216 226 -236 -207 -217 -227 -237 0
-206 216 -226 -236 -207 -217 -227 -237 0
206 -216 -226 -236 -207 -217 -227 -237 0
-206 -216 -226 -236 -207 -217 -227 -237 0
306 316 326 336 307 317 327 337 0
-306 316 326 336 307 317 327 337 0
306 -316 326 336 307 317 327 337 0
306 316 -326 336 307 317 327 337 0
306 316 326 -336 307 317 327 337 0
306 316 326 336 -307 317 327 337 0
306 316 326 336 307 -317 327 337 0
306 316 326 336 307 317 -327 337 0
306 316 326 336 307 317 327 -337 0
-306 -316 326 336 307 317 327 337 0
-306 316 -326 336 307 317 327 337 0
-306 316 326 -336 307 317 327 337 0
-306 316 326 336 -307 317 327 337 0
-306 316 326 336 307 -317 327 337 0
-306 316 326 336 307 317 -327 337 0
-306 316 326 336 307 317 327 -337 0
306 -316 -326 336 307 317 327 337 0
306 -316 326 -336 307 317 327 337 0
306 -316 326 336 -307 317 327 337 0
306 -316 326 336 307 -317 327 337 0
306 -316 326 336 307 317 -327 337 0
306 -316 326 336 307 317 327 -337 0
306 316 -326 -336 307 317 327 337 0
306 316 -326 336 -307 317 327 337 0
306 316 -326 336 307 -317 327 337 0
306 316 -326 336 307 317 -327 337 0
306 316 -326 336 307 317 327 -337 0
306 316 326 -336 -307 317 327 337 0
306 316 326 -336 307 -317 327 337 0
306 316 326 -336 307 317 -327 337 0
306 316 326 -336 307 317 327 -337 0
306 316 326 336 -307 -317 327 337 0
306 316 326 336 -307 317 -327 337 0
306 316 326 336 -307 317 327 -337 0
306 316 326 336 307 -317 -327 337 0
306 316 326 336 307 -317 327 -337 0
306 316 326 336 307 317 -327 -337 0
-306 -316 -326 -336 307 317 327 337 0
-306 -316 -326 336 -307 317 327 337 0
-306 -316 -326 336 307 -317 327 337 0
-306 -316 -326 336 307 317 -327 337 0
-306 -316 -326 336 307 317 327 -337 0
-306 -316 326 -336 -307 317 327 337 0
-306 -316 326 -336 307 -317 327 337 0
-306 -316 326 -336 307 317 -327 337 0
-306 -316 326 -336 307 317 327 -337 0
-306 -316 326 336 -307 -317 327 337 0
-306 -316 326 336 -307 317 -327 337 0
-306 -316 326 336 -307 317 327 -337 0
-306 -316 326 336 307 -317 -327 337 0
-306 -316 326 336 307 -317 327 -337 0
-306 -316 326 336 307 317 -327 -337 0
-306 316 -326 -336 -307 317 327 337 0
-306 316 -326 -336 307 -317 327 337 0
-306 316 -326 -336 307 317 -327 337 0
-306 316 -326 -336 307 317 327 -337 0
-306 316 -326 336 -307 -317 327 337 0
-306 316 -326 336 -307 317 -327 337 0
-306 316 -326 336 -307 317 327 -337 0
-306 316 -326 336 307 -317 -327 337 0
-306 316 -326 336 307 -317 327 -337 0
-306 316 -326 336 307 317 -327 -337 0
-306 316 326 -336 -307 -317 327 337 0
-306 316 326 -336 -307 317 -327 337 0
-306 316 326 -336 -307 317 327 -337 0
-306 316 326 -336 307 -317 -327 337 0
-306 316 326 -336 307 -317 327 -337 0
-306 316 326 -336 307 317 -327 -337 0
-306 316 326 336 -307 -317 -327 337 0
-306 316 326 336 -307 -317 327 -337 0
-306 316 326 336 -307 317 -327 -337 0
-306 316 326 336 307 -317 -327 -337 0
306 -316 -326 -336 -307 317 327 337 0
306 -316 -326 -336 307 -317 327 337 0
306 -316 -326 -336 307 317 -327 337 0
306 -316 -326 -336 307 317 327 -337 0
306 -316 -326 336 -307 -317 327 337 0
306 -316 -326 336 -307 317 -327 337 0
306 -316 -326 336 -307 317 327 -337 0
306 -316 -326 336 307 -317 -327 337 0
306 -316 -326 336 307 -317 327 -337 0
306 -316 -326 336 307 317 -327 -337 0
306 -316 326 -336 -307 -317 327 337 0
306 -316 326 -336 -307 317 -327 337 0
306 -316 326 -336 -307 317 327 -337 0
306 -316 326 -336 307 -317 -327 337 0
306 -316 326 -336 307 -317 327 -337 0
306 -316 326 -336 307 317 -327 -337 0
306 -316 326 336 -307 -317 -327 337 0
306 -316 326 336 -307 -317 327 -337 0
306 -316 326 336 -307 317 -327 -337 0
306 -316 326 336 307 -317 -327 -337 0
306 316 -326 -336 -307 -317 327 337 0
306 316 -326 -336 -307 317 -327 337 0
306 316 -326 -336 -307 317 327 -337 0
306 316 -326 -336 307 -317 -327 337 0
306 316 -326 -336 307 -317 327 -337 0
306 316 -326 -336 307 317 -327 -337 0
306 316 -326 336 -307 -317 -327 337 0
306 316 -326 336 -307 -317 327 -337 0
306 316 -326 336 -307 317 -327 -337 0
306 316 -326 336 307 -317 -327 -337 0
306 316 326 -336 -307 -317 -327 337 0
306 316 326 -336 -307 -317 327 -337 0
306 316 326 -336 -307 317 -327 -337 0
306 316 326 -336 307 -317 -327 -337 0
306 316 326 336 -307 -317 -327 -337 0
-306 -316 -326 -336 -307 317 327 337 0
-306 -316 -326 -336 307 -317 327 337 0
-306 -316 -326 -336 307 317 -327 337 0
-306 -316 -326 -336 307 317 327 -337 0
-306 -316 -326 336 -307 -317 327 337 0
-306 -316 -326 336 -307 317 -327 337 0
-306 -316 -326 336 -307 317 327 -337 0
-306 -316 -326 336 307 -317 -327 337 0
-306 -316 -326 336 307 -317 327 -337 0
-306 -316 -326 336 307 317 -327 -337 0
-306 -316 326 -336 -307 -317 327 337 0
-306 -316 326 -336 -307 317 -327 337 0
-306 -316 326 -336 -307 317 327 -337 0
-306 -316 326 -336 307 -317 -327 337 0
-306 -316 326 -336 307 -317 327 -337 0
-306 -316 326 -336 307 317 -327 -337 0
-306 -316 326 336 -307 -317 -327 337 0
-306 -316 326 336 -307 -317 327 -337 0
-306 -316 326 336 -307 317 -327 -337 0
-306 -316 326 336 307 -317 -327 -337 0
-306 316 -326 -336 -307 -317 327 337 0
-306 316 -326 -336 -307 317 -327 337 0
-306 316 -326 -336 -307 317 327 -337 0
-306 316 -326 -336 307 -317 -327 337 0
-306 316 -326 -336 307 -317 327 -337 0
-306 316 -326 -336 307 317 -327 -337 0
-306 316 -326 336 -307 -317 -327 337 0
-306 316 -326 336 -307 -317 327 -337 0
-306 316 -326 336 -307 317 -327 -337 0
-306 316 -326 336 307 -317 -327 -337 0
-306 316 326 -336 -307 -317 -327 337 0
-306 316 326 -336 -307 -317 327 -337 0
-306 316 326 -336 -307 317 -327 -337 0
-306 316 326 -336 307 -317 -327 -337 0
-306 316 326 336 -307 -317 -327 -337 0
306 -316 -326 -336 -307 -317 327 337 0
306 -316 -326 -336 -307 317 -327 337 0
306 -316 -326 -336 -307 317 327 -337 0
306 -316 -326 -336 307 -317 -327 337 0
306 -316 -326 -336 307 -317 327 -337 0
306 -316 -326 -336 307 317 -327 -337 0
306 -316 -326 336 -307 -317 -327 337 0
306 -316 -326 336 -307 -317 327 -337 0
306 -316 -326 336 -307 317 -327 -337 0
306 -316 -326 336 307 -317 -327 -337 0
306 -316 326 -336 -307 -317 -327 337 0
306 -316 326 -336 -307 -317 327 -337 0
306 -316 326 -336 -307 317 -327 -337 0
306 -316 326 -336 307 -317 -327 -337 0
306 -316 326 336 -307 -317 -327 -337 0
306 316 -326 -336 -307 -317 -327 337 0
306 316 -326 -336 -307 -317 327 -337 0
306 316 -326 -336 -307 317 -327 -337 0
306 316 -326 -336 307 -317 -327 -337 0
306 316 -326 336 -307 -317 -327 -337 0
306 316 326 -336 -307 -317 -327 -337 0
-306 -316 -326 -336 -307 -317 327 337 0
-306 -316 -326 -336 -307 317 -327 337 0
-306 -316 -326 -336 -307 317 327 -337 0
-306 -316 -326 -336 307 -317 -327 337 0
-306 -316 -326 -336 307 -317 327 -337 0
-306 -316 -326 -336 307 317 -327 -337 0
-306 -316 -326 336 -307 -317 -327 337 0
-306 -316 -326 336 -307 -317 327 -337 0
-306 -316 -326 336 -307 317 -327 -337 0
-306 -316 -326 336 307 -317 -327 -337 0
-306 -316 326 -336 -307 -317 -327 337 0
-306 -316 326 -336 -307 -317 327 -337 0
-306 -316 326 -336 -307 317 -327 -337 0
-306 -316 326 -336 307 -317 -327 -337 0
-306 -316 326 336 -307 -317 -327 -337 0
-306 316 -326 -336 -307 -317 -327 337 0
-306 316 -326 -336 -307 -317 327 -337 0
-306 316 -326 -336 -307 317 -327 -337 0
-306 316 -326 -336 307 -317 -327 -337 0
-306 316 -326 336 -307 -317 -327 -337 0
-306 316 326 -336 -307 -317 -327 -337 0
306 -316 -326 -336 -307 -317 -327 337 0
306 -316 -326 -336 -307 -317 327 -337 0
306 -316 -326 -336 -307 317 -327 -337 0
306 -316 -326 -336 307 -317 -327 -337 0
306 -316 -326 336 -307 -317 -327 -337 0
306 -316 326 -336 -307 -317 -327 -337 0
306 316 -326 -336 -307 -317 -327 -337 0
-306 -316 -326 -336 -307 -317 -327 337 0
-306 -316 -326 -336 -307 -317 327 -337 0
-306 -316 -326 -336 -307 317 -327 -337 0
-306 -316 -326 -336 307 -317 -327 -337 0
-306 -316 -326 336 -307 -317 -327 -337 0
-306 -316 326 -336 -307 -317 -327 -337 0
-306 316 -326 -336 -307 -317 -327 -337 0
306 -316 -326 -336 -307 -317 -327 -337 0
-306 -316 -326 -336 -307 -317 -327 -337 0